<?xml version="1.0" standalone="no"?>
<!DOCTYPE svg PUBLIC "-//W3C//DTD SVG 20010904//EN"
 "http://www.w3.org/TR/2001/REC-SVG-20010904/DTD/svg10.dtd">
<svg version="1.0" xmlns="http://www.w3.org/2000/svg"
 width="855.000000pt" height="487.000000pt" viewBox="0 0 855.000000 487.000000"
 preserveAspectRatio="xMidYMid meet">

<g transform="translate(0.000000,487.000000) scale(0.100000,-0.100000)"
fill="#000000" stroke="none">
<path d="M460 4799 l0 -71 -162 4 c-178 3 -201 9 -266 71 l-33 32 3 -135 3
-134 55 -20 c50 -19 79 -20 330 -21 l275 0 3 173 2 172 -105 0 -105 0 0 -71z"/>
<path d="M1680 4824 c-28 -26 -50 -53 -50 -60 0 -8 -6 -14 -13 -14 -17 0 -57
-42 -57 -60 0 -7 -3 -10 -6 -7 -7 6 -79 -79 -79 -93 0 -3 -8 -14 -18 -24 -9
-10 -15 -22 -12 -27 4 -5 -1 -9 -9 -9 -9 0 -16 -4 -16 -10 0 -21 -2 -25 -16
-33 -8 -5 -12 -12 -9 -16 2 -5 -2 -14 -10 -21 -7 -6 -11 -19 -8 -27 5 -12 3
-14 -7 -8 -9 5 -11 4 -6 -3 4 -7 2 -12 -3 -12 -6 0 -11 -6 -11 -14 0 -7 -7
-19 -15 -26 -19 -16 -19 -30 1 -30 8 0 12 5 9 10 -3 6 -2 10 4 10 5 0 13 10
17 23 4 12 18 40 32 62 14 22 25 42 25 45 0 3 8 16 19 30 10 14 18 29 18 33
-1 4 9 17 22 27 17 14 19 20 8 20 -10 0 -9 4 6 13 20 12 91 87 81 87 -2 0 19
23 47 52 28 29 50 56 49 60 -2 4 5 8 15 8 11 0 27 9 37 20 10 11 14 20 9 20
-5 0 -2 5 6 10 11 7 11 10 2 10 -7 0 -35 -21 -62 -46z m50 22 c0 -2 -7 -7 -16
-10 -8 -3 -12 -2 -9 4 6 10 25 14 25 6z"/>
<path d="M2090 4829 c-281 -153 -499 -413 -603 -719 -64 -189 -61 -117 -64
-1327 -3 -985 -2 -1103 12 -1103 13 0 15 116 15 1063 0 1176 -1 1157 65 1354
108 322 328 574 640 732 75 38 78 40 45 40 -22 1 -62 -14 -110 -40z"/>
<path d="M4685 4843 c10 -16 29 -44 44 -63 14 -19 25 -41 23 -47 -2 -8 7 -13
22 -13 14 0 28 -5 32 -11 10 -17 105 -58 120 -52 8 3 14 0 14 -5 0 -12 3 -12
100 -13 88 -1 111 2 105 11 -6 9 25 23 33 15 3 -3 -1 -5 -8 -5 -7 0 -11 -3 -8
-6 8 -7 98 36 98 47 0 5 6 8 13 7 6 -2 11 3 9 10 -1 6 1 11 5 10 13 -4 53 22
53 33 0 6 -6 7 -12 3 -8 -4 -10 -3 -5 2 5 5 12 9 16 9 14 0 71 70 71 87 0 5
-51 8 -114 8 -101 0 -120 -3 -153 -22 -46 -27 -158 -34 -181 -11 -8 8 -20 12
-27 9 -8 -3 -16 2 -19 10 -7 19 -185 20 -205 2 -11 -10 -13 -10 -7 0 5 8 0 12
-15 12 -21 0 -21 -1 -4 -27z m480 -13 c3 -6 -1 -7 -9 -4 -18 7 -21 14 -7 14 6
0 13 -4 16 -10z m-269 -15 c-1 -8 -5 -17 -8 -21 -5 -4 -4 16 1 34 3 9 9 -1 7
-13z m401 -40 c0 -8 -4 -12 -9 -9 -5 3 -6 10 -3 15 9 13 12 11 12 -6z m-507
-35 c0 -5 -5 -10 -11 -10 -5 0 -7 5 -4 10 3 6 8 10 11 10 2 0 4 -4 4 -10z"/>
<path d="M5690 3970 c0 -793 2 -900 15 -900 13 0 15 107 15 900 0 793 -2 900
-15 900 -13 0 -15 -107 -15 -900z"/>
<path d="M5950 3995 c0 -668 -3 -880 -12 -895 -13 -20 -6 -36 11 -26 11 7 17
1796 6 1796 -3 0 -5 -394 -5 -875z"/>
<path d="M6170 3969 c0 -716 3 -900 13 -897 9 4 13 195 15 901 2 793 0 897
-13 897 -13 0 -15 -105 -15 -901z"/>
<path d="M6430 3995 c0 -668 -3 -880 -12 -895 -13 -20 -6 -36 11 -26 11 7 17
1796 6 1796 -3 0 -5 -394 -5 -875z"/>
<path d="M6650 3970 c0 -793 2 -900 15 -900 13 0 15 107 15 900 0 793 -2 900
-15 900 -13 0 -15 -107 -15 -900z"/>
<path d="M7666 4794 c-147 -36 -297 -154 -369 -291 -188 -360 45 -799 446
-842 347 -37 641 226 641 574 -1 323 -257 577 -579 574 -44 0 -106 -7 -139
-15z m245 -259 c76 -26 140 -83 178 -158 29 -57 34 -77 35 -139 0 -126 -62
-230 -176 -290 -62 -33 -212 -33 -279 0 -175 86 -233 320 -116 474 36 48 112
103 161 117 49 14 148 12 197 -4z"/>
<path d="M7725 4497 c-85 -35 -128 -73 -165 -146 -65 -129 -9 -292 125 -364
32 -17 57 -22 125 -22 75 0 91 3 131 27 92 54 138 135 139 239 0 110 -48 193
-141 243 -60 33 -163 44 -214 23z"/>
<path d="M2677 4744 c-3 -4 -21 -8 -38 -10 -18 -2 -34 -6 -36 -8 -7 -6 111 -2
122 5 6 3 441 5 968 5 526 -1 957 2 957 6 0 9 -1964 11 -1973 2z m40 -10 c-3
-3 -12 -4 -19 -1 -8 3 -5 6 6 6 11 1 17 -2 13 -5z"/>
<path d="M4666 4735 c-7 -19 -5 -19 30 0 l29 15 -26 0 c-15 0 -29 -7 -33 -15z"/>
<path d="M4726 4735 c-11 -8 -15 -15 -9 -15 6 0 16 7 23 15 16 19 11 19 -14 0z"/>
<path d="M2500 4720 c0 -6 -7 -10 -16 -8 -10 2 -19 -3 -21 -10 -4 -10 2 -11
24 -6 37 9 44 14 38 25 -8 12 -25 12 -25 -1z"/>
<path d="M2397 4686 c4 -5 -3 -7 -14 -4 -12 3 -20 0 -20 -7 0 -10 8 -10 31 -3
43 15 56 29 24 26 -15 -1 -24 -6 -21 -12z"/>
<path d="M2266 4645 c-7 -8 -17 -11 -21 -7 -5 4 -5 2 -1 -5 7 -13 36 -7 36 8
0 4 7 6 15 3 8 -4 15 -4 15 -1 0 13 -31 15 -44 2z"/>
<path d="M2187 4600 c-7 -11 -17 -17 -22 -12 -5 4 -5 1 0 -7 7 -12 10 -11 21
3 7 10 17 15 23 11 6 -3 11 -2 11 4 0 20 -19 21 -33 1z"/>
<path d="M2076 4529 c-26 -26 -17 -30 17 -9 18 11 24 19 15 22 -7 3 -22 -3
-32 -13z"/>
<path d="M2585 4499 c-304 -44 -562 -273 -657 -579 l-23 -75 -3 -906 -3 -906
-49 -51 c-107 -111 -106 -284 2 -389 68 -65 100 -78 198 -78 96 0 129 13 193
74 53 49 79 104 85 177 8 106 -32 190 -120 254 l-38 28 1 874 c1 480 2 885 2
900 0 16 4 25 10 21 6 -4 8 0 4 10 -3 9 -2 19 4 23 6 3 8 13 5 21 -3 8 -2 12
3 9 5 -3 12 1 15 10 3 8 2 12 -4 9 -6 -3 -10 0 -10 7 -1 8 -4 7 -10 -4 -13
-22 -51 -181 -49 -204 1 -11 1 -388 1 -840 l-2 -821 -72 1 c-40 1 -88 -3 -106
-7 l-33 -9 3 899 3 898 24 70 c91 271 277 455 543 537 l73 23 1233 3 c1076 2
1232 4 1232 17 0 13 -150 15 -1197 14 -659 -1 -1225 -5 -1258 -10z"/>
<path d="M2035 4490 c-5 -5 -23 -21 -40 -34 -16 -14 -24 -26 -17 -26 6 0 12 5
12 11 0 5 5 7 12 3 6 -4 8 -3 5 3 -4 6 5 15 18 21 14 7 25 16 25 22 0 12 -2
12 -15 0z"/>
<path d="M1927 4392 c-10 -10 -17 -24 -17 -31 0 -7 -5 -9 -12 -5 -7 4 -8 3 -4
-5 4 -6 1 -13 -6 -16 -8 -3 -14 -16 -15 -28 -2 -21 -2 -21 9 -2 6 11 29 39 51
63 27 27 36 42 26 42 -9 0 -23 -8 -32 -18z m23 4 c0 -2 -8 -10 -17 -17 -16
-13 -17 -12 -4 4 13 16 21 21 21 13z"/>
<path d="M1314 4311 c4 -5 2 -11 -2 -13 -10 -3 -59 -130 -66 -168 -3 -14 -6
-27 -7 -30 -1 -3 -3 -9 -4 -15 -1 -5 -7 -30 -14 -55 -7 -24 -14 -61 -16 -81
-1 -20 -6 -42 -10 -49 -4 -7 -2 -16 6 -21 9 -6 10 -9 2 -9 -7 0 -11 -11 -9
-27 1 -16 -1 -33 -6 -39 -12 -17 -5 -2114 7 -2114 13 0 14 20 2 44 -6 13 -6
16 2 12 8 -6 11 274 9 1053 -2 584 0 1061 4 1061 4 0 6 20 5 44 -1 25 1 42 5
40 7 -5 9 7 12 74 1 9 4 19 8 23 4 3 9 18 12 35 2 16 7 37 11 46 4 9 3 22 -1
29 -4 8 -3 9 4 5 11 -7 16 7 15 42 -1 6 4 12 9 12 6 0 7 7 4 16 -4 10 -2 13 6
8 8 -5 9 -2 5 9 -3 10 -2 17 3 17 5 0 6 7 3 17 -4 10 -2 14 4 10 6 -4 13 2 16
13 3 13 0 20 -10 20 -8 0 -12 -4 -9 -9z"/>
<path d="M1837 4277 c-13 -20 -13 -24 -1 -24 8 0 12 2 9 5 -2 3 0 13 6 23 14
27 4 24 -14 -4z"/>
<path d="M2699 4265 c-3 -2 -28 -7 -55 -9 -44 -4 -89 -12 -89 -16 0 -1 -11 -4
-25 -6 -14 -3 -27 -9 -28 -14 -2 -6 -8 -7 -14 -4 -5 4 -23 -3 -39 -15 -15 -11
-33 -21 -39 -21 -5 0 -10 -4 -10 -10 0 -5 -6 -10 -13 -10 -7 0 -28 -16 -47
-35 -19 -19 -28 -35 -21 -35 6 0 22 11 35 25 13 14 28 25 35 25 6 0 20 9 32
21 12 12 26 22 33 23 6 1 38 12 71 25 33 13 71 25 85 27 14 1 566 3 1228 3
1064 1 1202 3 1202 16 0 13 -134 15 -1168 15 -643 0 -1171 -2 -1173 -5z"/>
<path d="M1812 4218 c2 -7 -2 -12 -9 -11 -6 2 -11 -6 -10 -17 2 -25 1 -25 21
4 10 16 12 27 6 31 -6 4 -9 1 -8 -7z"/>
<path d="M1766 4153 c-4 -9 -3 -20 1 -24 4 -4 9 3 9 17 2 28 -1 31 -10 7z"/>
<path d="M1745 4100 c-3 -5 -2 -10 4 -10 5 0 13 5 16 10 3 6 2 10 -4 10 -5 0
-13 -4 -16 -10z"/>
<path d="M100 4094 c-69 -14 -100 -26 -100 -39 0 -18 -3 -18 67 0 131 34 316
9 440 -61 79 -44 180 -137 229 -212 21 -31 52 -95 68 -142 l31 -85 3 -372 3
-373 -363 0 c-288 0 -374 3 -418 15 -30 8 -56 15 -57 15 -2 0 -3 -6 -3 -14 0
-35 55 -40 467 -44 l403 -3 0 355 c0 417 -6 463 -75 603 -78 158 -208 270
-380 329 -63 21 -102 28 -185 30 -58 1 -116 0 -130 -2z"/>
<path d="M2290 4074 c0 -9 -5 -12 -12 -8 -7 4 -10 4 -7 0 4 -4 -4 -19 -17 -33
-13 -14 -21 -29 -18 -34 3 -5 -1 -12 -10 -15 -9 -3 -12 -12 -9 -21 5 -12 3
-14 -7 -8 -9 5 -11 4 -6 -4 10 -16 20 -7 52 46 15 26 36 55 47 64 18 14 18 16
4 22 -11 4 -17 1 -17 -9z"/>
<path d="M1736 4061 c4 -15 2 -21 -4 -17 -6 4 -10 -2 -9 -14 2 -25 4 -25 17 0
8 15 8 25 0 38 -9 14 -10 13 -4 -7z"/>
<path d="M1711 3984 c0 -11 3 -14 6 -6 3 7 2 16 -1 19 -3 4 -6 -2 -5 -13z"/>
<path d="M1691 3944 c0 -11 3 -14 6 -6 3 7 2 16 -1 19 -3 4 -6 -2 -5 -13z"/>
<path d="M1695 3910 c-3 -5 -1 -10 4 -10 6 0 11 5 11 10 0 6 -2 10 -4 10 -3 0
-8 -4 -11 -10z"/>
<path d="M110 3884 c-39 -13 -60 -29 -60 -43 0 -11 4 -9 16 7 8 12 25 22 37
21 l22 0 -21 -9 c-12 -5 -25 -15 -30 -22 -4 -7 -4 -10 1 -6 4 4 16 3 27 -3 19
-10 19 -11 1 -24 -10 -7 -22 -10 -28 -5 -5 4 -23 10 -40 12 -17 3 -24 3 -18 1
18 -6 16 -23 -2 -23 -8 0 -15 -4 -15 -10 0 -5 6 -10 14 -10 8 0 16 -4 18 -10
2 -6 8 -6 18 0 13 8 12 10 -2 10 -25 0 -22 15 3 17 12 1 28 -5 36 -13 8 -7 21
-14 29 -14 8 0 13 -4 9 -9 -3 -6 3 -14 12 -20 14 -8 15 -10 3 -11 -9 0 -26 7
-39 16 -19 14 -25 14 -32 3 -13 -21 -7 -30 31 -45 l35 -14 -25 19 c-13 11 -29
17 -35 14 -5 -3 -5 0 2 7 9 10 19 9 48 -9 20 -11 44 -21 53 -20 12 0 10 3 -6
10 -13 5 -20 14 -16 20 3 6 0 15 -7 20 -9 5 0 7 24 5 44 -4 57 -13 33 -22 -15
-6 -15 -8 3 -20 16 -12 25 -11 57 1 l39 15 -40 -7 c-47 -7 -41 6 7 17 l33 8
-41 1 c-24 1 -47 8 -54 16 -15 18 -34 20 -24 3 6 -10 4 -10 -7 -2 -8 6 -27 11
-43 12 -34 2 -40 7 -31 21 3 6 18 11 33 10 15 0 21 -3 15 -6 -7 -2 -13 -8 -13
-13 0 -5 14 -2 31 7 20 10 45 13 72 10 35 -5 38 -5 17 4 -14 6 -42 8 -62 6
-38 -5 -53 7 -20 17 9 3 4 4 -12 2 -15 -2 -39 2 -53 9 l-25 13 32 7 c37 8 151
12 141 5 -4 -3 -10 -13 -14 -22 -4 -12 -2 -15 9 -11 7 3 14 9 14 14 0 5 7 9
17 9 15 0 15 1 -1 19 -13 14 -32 18 -89 19 -40 0 -79 -2 -87 -4z m37 -10 c-3
-3 -12 -4 -19 -1 -8 3 -5 6 6 6 11 1 17 -2 13 -5z m76 -1 c-13 -2 -33 -2 -45
0 -13 2 -3 4 22 4 25 0 35 -2 23 -4z"/>
<path d="M290 3880 c0 -9 39 -25 45 -18 2 2 -7 8 -21 15 -13 6 -24 7 -24 3z"/>
<path d="M1681 3885 c1 -19 18 -51 18 -35 0 8 -4 22 -9 30 -5 8 -9 11 -9 5z"/>
<path d="M3734 3814 c1 -47 5 -77 9 -70 6 7 7 4 3 -6 -3 -10 -1 -18 4 -18 6 0
10 5 10 12 0 8 6 6 17 -5 16 -16 16 -18 -6 -34 -23 -16 -23 -17 -5 -30 10 -8
19 -24 19 -36 0 -12 5 -22 10 -22 6 0 10 10 10 22 0 11 3 24 7 28 4 4 4 13 1
21 -3 9 1 14 12 14 10 0 15 6 13 18 -2 11 -11 16 -26 14 -15 -2 -22 2 -22 12
0 9 -3 15 -7 15 -24 -4 -31 5 -34 45 -3 30 0 42 7 39 7 -2 15 0 19 6 3 6 12
11 18 11 7 -1 2 -9 -10 -19 -27 -22 -30 -41 -7 -41 9 0 12 5 8 11 -4 7 3 19
15 29 20 14 21 18 8 28 -12 10 -18 10 -29 -2 -17 -17 -34 -9 -40 19 -3 11 -4
-17 -4 -61z"/>
<path d="M3750 3871 c0 -9 6 -11 18 -6 20 8 28 9 60 1 15 -3 20 -1 16 6 -5 8
-1 9 10 5 10 -4 20 -7 22 -7 2 0 4 -5 4 -11 0 -5 -4 -8 -9 -5 -5 3 -12 -1 -15
-10 -8 -21 -8 -22 9 -27 11 -3 10 -4 -2 -3 -10 1 -17 9 -17 19 3 26 -13 20
-18 -7 -4 -18 -1 -23 10 -18 8 3 13 1 10 -4 -4 -5 24 -8 68 -6 41 2 74 8 74
13 0 6 -14 7 -34 4 -22 -5 -44 -2 -62 9 -16 8 -23 15 -16 16 19 0 14 40 -5 42
-72 6 -123 2 -123 -11z"/>
<path d="M3904 3855 c3 -8 1 -16 -5 -19 -5 -2 -4 -3 3 -1 7 1 12 7 11 13 -2 6
4 9 12 6 7 -3 21 -2 30 3 11 7 6 9 -20 10 -27 1 -35 -3 -31 -12z"/>
<path d="M14 3849 c-4 -7 -3 -9 4 -5 5 3 13 0 15 -6 4 -9 6 -10 6 -1 1 17 -16
25 -25 12z"/>
<path d="M360 3850 c-13 -9 -13 -10 0 -10 12 0 12 -2 1 -9 -7 -5 -9 -11 -5
-13 5 -3 18 3 29 14 19 18 19 19 1 12 -14 -5 -17 -4 -12 4 9 14 6 15 -14 2z"/>
<path d="M3985 3850 c-3 -5 -2 -10 4 -10 5 0 13 5 16 10 3 6 2 10 -4 10 -5 0
-13 -4 -16 -10z"/>
<path d="M178 3843 c12 -2 32 -2 45 0 12 2 2 4 -23 4 -25 0 -35 -2 -22 -4z"/>
<path d="M296 3841 c-19 -7 -19 -8 2 -13 12 -4 20 -2 17 2 -3 5 1 11 7 13 7 3
9 5 3 6 -5 0 -19 -4 -29 -8z"/>
<path d="M425 3829 c6 -9 3 -10 -10 -5 -14 5 -16 4 -7 -7 9 -10 8 -17 -1 -27
-9 -10 -9 -11 1 -6 6 4 12 3 12 -1 0 -5 -6 -15 -12 -23 -7 -8 -3 -6 10 5 17
14 20 21 10 28 -9 6 -7 7 5 3 10 -3 21 -6 25 -6 3 0 -7 -13 -22 -29 -28 -29
-29 -51 -1 -47 8 1 18 6 22 11 4 4 3 5 -3 2 -14 -8 -27 20 -14 28 4 3 15 -2
23 -10 9 -8 20 -15 26 -15 16 0 13 -16 -6 -36 -12 -12 -13 -16 -4 -13 8 3 19
14 25 25 6 10 15 22 19 25 10 7 -2 39 -14 39 -13 0 -11 -18 4 -24 6 -2 2 -4
-10 -2 -12 1 -26 6 -30 11 -5 4 -3 5 3 2 7 -4 15 0 18 9 8 21 8 24 -5 24 -5 0
-8 -4 -5 -9 6 -10 -24 -25 -32 -16 -3 3 -1 5 5 5 6 0 13 9 16 19 3 15 1 18
-11 14 -10 -4 -13 -2 -8 5 3 6 -3 16 -15 22 -17 10 -20 9 -14 -1z"/>
<path d="M3938 3833 c7 -3 16 -2 19 1 4 3 -2 6 -13 5 -11 0 -14 -3 -6 -6z"/>
<path d="M4045 3830 c3 -5 8 -10 11 -10 2 0 4 5 4 10 0 6 -5 10 -11 10 -5 0
-7 -4 -4 -10z"/>
<path d="M4075 3820 c11 -18 85 -51 97 -44 7 4 8 3 4 -5 -4 -6 -16 -9 -27 -6
-10 4 -19 2 -19 -4 0 -5 8 -11 18 -13 9 -2 -10 -4 -43 -4 -55 1 -60 3 -59 23
0 12 -3 20 -8 17 -4 -3 -8 -11 -8 -19 0 -8 -4 -17 -10 -20 -5 -3 -7 0 -4 8 7
20 -20 39 -53 35 -19 -2 -28 -8 -27 -20 1 -13 -8 -19 -35 -24 -20 -3 -40 -7
-44 -8 -5 -1 -11 -25 -13 -54 -2 -29 -5 -58 -7 -64 -1 -7 7 -14 18 -16 11 -2
26 -9 33 -15 11 -8 8 -14 -13 -25 -32 -16 -42 -11 -20 12 9 9 13 16 8 16 -5 0
-16 -9 -25 -19 -16 -19 -16 -20 2 -26 19 -6 84 27 74 38 -3 3 13 4 35 3 23 -2
44 0 46 4 3 4 36 7 75 7 38 0 73 3 77 6 3 4 12 2 20 -5 10 -8 17 -8 25 0 9 9
7 12 -9 12 -20 0 -38 34 -27 52 8 12 42 10 46 -4 3 -8 9 -8 24 0 17 9 17 11 2
17 -9 4 -22 20 -28 36 -7 16 -16 29 -21 29 -5 0 -6 7 -3 15 4 10 14 14 28 10
18 -5 17 -4 -4 9 -14 8 -28 12 -32 10 -5 -3 -8 0 -8 6 0 6 -4 8 -10 5 -5 -3
-10 -2 -10 4 0 6 -7 8 -15 5 -8 -4 -15 -1 -15 6 0 6 -4 8 -10 5 -5 -3 -10 -1
-10 4 0 6 -5 11 -11 11 -5 0 -7 -5 -4 -10z m-75 -60 c0 -5 -9 -10 -21 -10 -11
0 -17 5 -14 10 3 6 13 10 21 10 8 0 14 -4 14 -10z m188 -53 c2 -10 -3 -17 -12
-17 -10 0 -16 9 -16 21 0 24 23 21 28 -4z"/>
<path d="M320 3806 c0 -2 7 -7 16 -10 8 -3 12 -2 9 4 -6 10 -25 14 -25 6z"/>
<path d="M3796 3781 c-3 -5 3 -11 15 -14 16 -4 18 -3 8 9 -13 16 -16 17 -23 5z"/>
<path d="M3840 3766 c0 -10 8 -16 22 -16 12 0 19 1 17 3 -2 1 -12 9 -21 16
-15 12 -18 11 -18 -3z"/>
<path d="M4095 3770 c-16 -7 -17 -9 -3 -9 9 -1 20 4 23 9 7 11 7 11 -20 0z"/>
<path d="M270 3761 c0 -6 8 -11 18 -12 9 0 24 -2 32 -3 8 -2 24 0 35 5 16 6
12 8 -17 8 -20 1 -43 4 -52 7 -9 3 -16 1 -16 -5z"/>
<path d="M1662 2747 c-2 -811 1 -1018 11 -1015 9 4 12 216 12 1019 l0 1014 -5
-1015 -5 -1015 -5 1015 -5 1015 -3 -1018z"/>
<path d="M4246 3729 c3 -13 6 -29 6 -36 1 -7 5 -10 10 -7 4 3 8 0 8 -5 0 -6
-6 -11 -12 -11 -7 -1 3 -9 22 -20 35 -19 32 -27 -14 -34 -8 -1 -18 -5 -22 -9
-6 -6 39 -1 63 8 19 6 34 -29 27 -62 -4 -21 -1 -33 13 -44 16 -13 17 -12 5 3
-19 25 -6 84 19 84 10 0 19 -4 19 -9 0 -5 6 -4 13 2 8 6 18 7 23 3 5 -4 -11
14 -36 40 -43 45 -79 68 -49 31 15 -19 19 -53 6 -53 -4 0 -7 3 -8 8 0 4 -5 13
-11 20 -8 9 -7 11 7 6 13 -5 16 -4 11 5 -4 6 -16 9 -25 6 -22 -7 -53 4 -46 16
3 4 12 6 19 3 19 -7 31 15 17 29 -9 9 -11 8 -6 -5 4 -10 3 -18 -1 -18 -17 0
-38 19 -40 36 -1 9 -7 21 -13 27 -7 7 -9 3 -5 -14z m147 -113 c16 -13 16 -13
-6 -13 -13 0 -24 5 -24 13 0 17 7 17 30 0z"/>
<path d="M335 3725 c-3 -8 -7 -22 -10 -30 -2 -9 -11 -12 -22 -9 -10 3 -7 -2 7
-10 14 -8 30 -15 35 -15 6 -1 3 4 -5 9 -19 12 -3 30 28 33 11 0 23 9 26 20 3
14 2 16 -9 7 -9 -8 -15 -8 -20 0 -9 15 -25 12 -30 -5z"/>
<path d="M534 3726 c-6 -7 -17 -22 -23 -35 -11 -19 -10 -22 6 -19 13 2 19 -4
21 -24 3 -23 -1 -28 -17 -28 -12 0 -21 6 -21 13 0 13 -85 57 -110 57 -12 0
-12 -2 -1 -9 9 -6 10 -11 2 -15 -6 -4 -15 -5 -19 -2 -5 3 -9 -1 -9 -8 0 -9 7
-12 15 -8 11 4 14 1 9 -11 -4 -10 2 -21 16 -30 13 -8 30 -39 41 -73 11 -33 26
-67 34 -76 13 -16 13 -18 -2 -24 -14 -5 -16 -24 -16 -126 0 -65 4 -117 8 -114
5 3 7 56 6 118 l-2 113 8 -85 c4 -47 8 -113 9 -147 l1 -63 -32 -1 c-18 -1 -25
-3 -15 -6 9 -2 17 -9 17 -14 0 -11 -3 -11 -35 1 -17 7 -24 7 -20 0 3 -6 -1
-10 -10 -10 -9 0 -13 5 -10 10 4 6 -9 10 -32 10 -28 0 -34 -3 -23 -10 10 -7
-12 -10 -72 -10 -58 0 -88 4 -88 11 0 6 7 9 15 6 8 -4 17 -2 20 3 4 6 -9 10
-29 10 -26 0 -36 4 -36 16 0 10 -6 13 -18 10 -12 -4 -28 4 -46 23 -16 16 -34
27 -41 25 -7 -3 -16 -1 -20 5 -3 7 0 8 9 5 11 -4 14 0 13 16 -1 22 -37 62 -37
42 0 -7 6 -12 13 -12 9 0 9 -2 0 -8 -14 -9 -12 -34 5 -54 6 -8 9 -18 5 -21 -3
-4 1 -7 9 -7 9 0 28 -7 44 -15 l28 -14 -28 -11 c-15 -5 -35 -10 -44 -11 -9 0
-4 -5 12 -11 22 -8 31 -8 34 1 2 6 9 8 14 5 7 -4 8 -2 4 4 -8 13 7 15 42 6 28
-8 28 -21 -2 -49 -23 -21 -24 -21 -46 -3 -12 10 -30 18 -39 17 -10 0 -6 -4 9
-10 14 -6 36 -20 49 -32 13 -12 21 -16 16 -8 -6 10 -3 12 13 7 13 -4 22 -1 26
9 3 8 1 15 -5 15 -6 0 -7 5 -4 10 4 6 98 11 243 12 158 1 210 4 157 8 l-80 6
78 2 77 2 0 208 c1 147 4 202 11 189 6 -9 8 -25 5 -35 -3 -9 -2 -23 3 -31 6
-9 7 2 5 30 -3 24 -5 55 -5 68 -1 19 -3 21 -11 10 -7 -10 -8 -6 -5 14 2 15 0
30 -5 33 -4 3 -5 10 -2 16 4 7 2 8 -5 4 -6 -4 -9 -11 -7 -15 3 -4 -1 -8 -9 -8
-17 0 -26 30 -14 48 7 11 9 10 9 -4 0 -10 4 -16 10 -12 10 6 -21 69 -48 97
-13 13 -19 14 -28 4z m40 -31 c18 -27 13 -71 -6 -59 -6 4 -6 -1 1 -14 16 -30
15 -32 -28 -32 -22 0 -43 -5 -46 -10 -4 -6 -11 -8 -16 -5 -5 4 -9 2 -9 -4 0
-5 -3 -18 -6 -28 -6 -16 -5 -16 9 2 16 20 16 20 17 -5 0 -14 -3 -36 -7 -49 -5
-20 -10 -14 -28 42 -12 37 -28 73 -37 80 -22 17 -27 40 -13 54 17 16 28 4 13
-14 -6 -7 -7 -17 -3 -21 4 -4 10 -1 12 6 3 6 9 12 15 12 6 0 8 -7 4 -15 -3 -8
-2 -15 2 -16 4 -1 26 -3 50 -5 50 -4 62 11 44 59 -19 50 4 65 32 22z"/>
<path d="M553 3692 c10 -10 14 -21 11 -24 -3 -3 -1 -9 4 -12 11 -7 10 8 -3 37
-4 9 -12 17 -18 17 -5 0 -3 -8 6 -18z"/>
<path d="M450 3578 c0 -19 2 -20 10 -8 13 19 13 30 0 30 -5 0 -10 -10 -10 -22z"/>
<path d="M3570 3714 c-405 -86 -680 -439 -657 -844 7 -129 34 -227 95 -345 38
-73 63 -107 142 -185 101 -101 164 -143 281 -191 72 -29 211 -59 275 -59 l34
0 -5 -77 c-3 -48 -1 -73 4 -64 5 8 7 21 3 29 -3 10 -1 13 6 8 6 -3 14 -1 18 5
4 8 3 9 -4 5 -9 -5 -12 8 -12 43 0 27 -4 52 -9 55 -5 3 -7 15 -4 26 4 15 11
18 34 13 19 -3 29 -1 29 6 0 7 -10 11 -22 9 -16 -2 -23 3 -28 22 -6 23 -7 21
-14 -14 l-7 -38 -67 6 c-585 59 -909 699 -606 1198 101 166 286 304 472 352
92 24 211 35 205 19 -3 -7 0 -13 7 -13 6 0 8 5 5 10 -3 6 -1 10 6 10 7 0 4 7
-7 15 -24 18 -89 18 -174 -1z"/>
<path d="M4273 3715 c0 -8 4 -15 9 -15 4 0 8 4 8 9 0 6 -4 12 -8 15 -5 3 -9
-1 -9 -9z"/>
<path d="M15 3670 c-14 -16 -15 -23 -6 -34 11 -13 15 -13 30 1 11 9 16 23 14
34 -7 24 -15 24 -38 -1z m29 -9 c3 -5 -1 -12 -10 -15 -20 -8 -29 -1 -19 13 8
13 22 14 29 2z"/>
<path d="M3737 3622 c0 -26 1 -53 2 -59 1 -7 12 -13 26 -13 29 0 35 30 10 50
-13 11 -14 10 -9 -4 3 -9 1 -16 -6 -16 -6 0 -8 -5 -4 -12 4 -6 3 -8 -3 -5 -6
4 -8 28 -5 57 2 27 1 50 -4 50 -5 0 -8 -21 -7 -48z"/>
<path d="M515 3651 c-3 -5 -1 -12 5 -16 5 -3 10 1 10 9 0 18 -6 21 -15 7z"/>
<path d="M3813 3585 c-7 -8 -13 -20 -13 -26 0 -7 9 -2 20 11 11 13 20 25 20
27 0 8 -16 1 -27 -12z"/>
<path d="M3996 3581 c-3 -5 1 -11 9 -15 9 -3 15 0 15 9 0 16 -16 20 -24 6z"/>
<path d="M4086 3574 c-10 -25 -7 -34 9 -28 8 4 23 0 32 -7 13 -11 15 -11 9 -1
-4 7 -18 17 -30 22 -17 7 -17 9 -3 9 20 1 24 21 3 21 -8 0 -17 -7 -20 -16z"/>
<path d="M4178 3576 c-10 -9 -14 -33 -13 -73 2 -74 8 -85 41 -73 37 15 74 12
80 -5 4 -8 11 -15 17 -15 6 0 8 3 4 6 -3 4 1 13 9 21 8 9 18 12 22 8 4 -4 1
-10 -6 -12 -9 -3 -11 -16 -6 -39 5 -27 3 -34 -10 -34 -9 0 -16 -7 -16 -15 0
-8 -5 -15 -11 -15 -5 0 -7 4 -4 10 4 6 -1 7 -11 3 -13 -5 -15 -3 -9 7 5 9 4
11 -4 6 -6 -4 -9 -12 -6 -17 4 -5 -1 -9 -9 -9 -9 0 -13 6 -10 13 3 8 -2 20
-11 27 -9 7 -15 8 -15 2 0 -6 6 -13 13 -15 9 -4 9 -8 -2 -15 -11 -8 -9 -11 8
-17 13 -4 20 -9 17 -12 -8 -8 13 -43 26 -43 7 0 7 4 0 13 -8 10 -6 13 8 13 23
0 23 -36 0 -36 -12 -1 -12 -3 3 -11 9 -6 15 -14 12 -20 -4 -5 -1 -9 5 -9 6 0
9 -4 6 -8 -3 -5 6 -15 19 -22 18 -9 25 -21 24 -39 -2 -24 -2 -24 -6 -3 -2 12
-8 22 -13 22 -14 0 12 -66 31 -78 11 -7 19 -8 19 -3 0 5 -7 11 -14 14 -11 5
-13 13 -7 35 5 17 5 36 -1 46 -11 20 -2 86 12 86 6 0 10 -9 10 -19 0 -11 4
-22 10 -26 5 -3 8 -33 6 -66 -3 -42 -1 -59 7 -56 15 5 21 97 8 110 -27 27 -2
76 28 57 18 -10 27 -96 12 -113 -6 -8 -14 -35 -17 -60 -5 -33 -12 -47 -25 -50
-14 -4 -18 -12 -15 -36 2 -19 -1 -28 -7 -24 -5 3 -7 1 -3 -5 3 -6 2 -13 -4
-17 -11 -7 -14 -115 -2 -115 4 0 8 -21 9 -48 2 -35 0 -43 -8 -32 -8 12 -9 11
-5 -5 3 -11 1 -33 -4 -50 l-10 -30 5 32 c2 18 0 35 -5 38 -10 6 -14 -21 -10
-59 1 -11 -3 -15 -9 -12 -18 11 -13 -10 6 -25 15 -12 16 -12 10 4 -6 15 2 21
25 19 3 -1 9 5 12 14 4 10 2 13 -6 8 -8 -5 -9 1 -4 22 13 49 23 46 36 -8 7
-30 8 -29 9 18 1 43 -2 53 -18 57 -12 3 -18 12 -17 28 1 13 -2 30 -7 37 -6 7
-6 12 1 12 5 0 12 18 14 40 2 22 0 40 -4 40 -5 0 -8 4 -8 10 0 5 6 7 13 4 9
-3 17 10 24 43 l10 48 2 -40 c2 -66 20 -160 31 -163 13 -5 13 -59 0 -67 -5 -3
-9 -27 -9 -53 2 -45 2 -46 8 -12 6 34 7 33 14 -19 3 -30 11 -59 17 -65 5 -5
10 -18 10 -28 0 -10 5 -19 10 -19 6 -1 15 -2 21 -3 20 -2 27 -39 13 -61 -8
-11 -14 -24 -14 -30 0 -5 4 -4 9 4 9 14 31 7 31 -10 0 -6 -5 -7 -11 -3 -8 4
-8 1 -1 -12 5 -11 7 -26 4 -34 -3 -8 7 -2 21 14 31 33 30 31 17 57 -7 13 -7
19 0 19 5 0 10 5 10 11 0 5 -4 7 -10 4 -5 -3 -17 -2 -26 3 -15 8 -14 12 11 28
26 17 28 17 40 1 12 -16 13 -16 18 2 4 17 0 19 -34 16 -33 -4 -39 -1 -39 15 0
19 6 23 42 23 14 0 17 8 17 46 -1 25 0 61 3 79 2 17 1 32 -4 32 -4 0 -8 21 -8
46 0 38 3 45 16 40 10 -4 13 -2 8 6 -11 18 -13 108 -2 108 5 0 6 -5 2 -11 -5
-8 -1 -8 14 0 11 6 23 21 25 33 3 17 5 14 6 -10 1 -26 -4 -34 -24 -42 -30 -11
-33 -20 -5 -13 28 8 42 28 38 59 -4 36 -28 44 -28 10 0 -14 -4 -26 -9 -26 -17
0 -9 49 10 55 11 4 19 10 19 15 0 13 -33 0 -48 -19 -12 -14 -13 -14 -11 4 2
11 0 37 -4 57 -5 23 -4 46 3 58 7 13 7 20 0 20 -5 0 -10 5 -10 11 0 5 4 7 10
4 5 -3 3 13 -6 37 -8 24 -14 52 -13 63 3 23 -10 69 -18 62 -2 -3 0 -15 7 -26
6 -12 7 -21 1 -21 -5 0 -12 8 -15 17 -9 23 -26 4 -30 -33 -4 -34 -25 -38 -37
-6 -5 12 -4 22 0 22 9 0 21 59 23 112 0 14 -8 37 -18 51 -17 20 -21 22 -33 10
-7 -8 -15 -12 -18 -9 -3 3 2 13 11 22 16 15 16 18 -5 40 -15 16 -26 21 -34 14
-12 -10 -25 -4 -25 12 0 5 5 6 10 3 6 -3 10 -1 10 4 0 6 -8 11 -18 11 -13 0
-17 -8 -17 -37 0 -21 5 -37 13 -39 7 -1 8 0 2 3 -5 2 -10 9 -10 14 0 6 4 8 9
4 5 -3 12 -1 16 5 3 5 11 10 17 10 6 0 5 -7 -3 -17 -11 -15 -11 -16 1 -5 19
16 27 15 27 -3 0 -8 -4 -15 -9 -15 -4 0 -8 -9 -8 -20 0 -25 -43 -37 -68 -19
-16 12 -16 12 0 -6 15 -17 21 -17 60 -6 24 7 46 17 49 23 3 5 12 2 19 -7 8
-10 9 -15 1 -15 -6 0 -11 -8 -10 -17 0 -11 3 -13 6 -5 6 16 23 6 23 -14 0 -8
-4 -13 -9 -10 -4 3 -16 -3 -26 -14 -17 -19 -17 -20 -1 -20 12 0 16 -7 14 -22
-4 -27 -28 -37 -28 -11 0 15 -2 16 -10 3 -7 -11 -10 0 -10 37 l0 52 -61 -4
c-53 -3 -62 -1 -66 15 -3 10 -14 21 -25 23 -17 5 -19 11 -13 46 11 67 3 77
-64 80 -40 1 -63 -3 -73 -13z m149 -261 c-3 -19 -1 -37 4 -41 8 -5 9 -84 1
-84 -7 0 -26 59 -27 90 -3 45 3 70 17 70 7 0 8 -13 5 -35z m-44 2 c3 -7 -3
-13 -13 -13 -10 0 -16 6 -13 13 3 7 9 13 13 13 4 0 10 -6 13 -13z m324 -39 c0
-10 -7 -18 -15 -18 -12 0 -12 3 -2 15 11 13 10 14 -4 9 -9 -3 -16 -1 -16 6 0
6 5 8 11 4 8 -4 9 1 4 17 -7 23 -6 23 8 4 8 -11 14 -28 14 -37z m-87 6 c0 -8
-7 -14 -15 -14 -9 0 -20 -10 -25 -22 -8 -21 -9 -21 -9 -3 -1 41 10 63 30 58
10 -3 19 -12 19 -19z m-48 -162 c-14 -4 -16 -72 -3 -72 11 0 21 -139 11 -165
-7 -18 -9 -19 -15 -2 -4 9 -5 30 -3 47 3 16 0 26 -5 23 -6 -3 -6 15 -2 46 5
34 3 51 -4 51 -6 0 -11 11 -11 25 0 31 32 84 39 64 2 -7 -1 -15 -7 -17z m5
-44 c-3 -8 -6 -5 -6 6 -1 11 2 17 5 13 3 -3 4 -12 1 -19z m83 -463 c0 -16 -27
-27 -36 -14 -3 5 -3 16 0 24 6 17 36 9 36 -10z m23 -92 c-4 -11 -3 -14 5 -9 7
4 12 2 12 -3 0 -15 -15 -14 -29 3 -11 13 -10 16 16 25 1 1 -1 -6 -4 -16z m8
-56 c-10 -9 -11 -8 -5 6 3 10 9 15 12 12 3 -3 0 -11 -7 -18z"/>
<path d="M3938 3573 c6 -2 18 -2 25 0 6 3 1 5 -13 5 -14 0 -19 -2 -12 -5z"/>
<path d="M3918 3553 c7 -3 16 -2 19 1 4 3 -2 6 -13 5 -11 0 -14 -3 -6 -6z"/>
<path d="M3976 3546 c21 -15 30 -14 19 3 -3 6 -14 11 -23 11 -13 0 -13 -2 4
-14z"/>
<path d="M4361 3544 c-1 -25 48 -74 75 -73 13 0 10 5 -13 15 -20 8 -39 27 -47
47 -11 25 -15 27 -15 11z"/>
<path d="M3612 3539 c-187 -31 -370 -173 -456 -352 -185 -387 49 -830 479
-906 69 -12 99 -21 97 -30 -1 -7 2 -10 8 -6 7 4 9 -3 5 -22 -4 -23 -4 -24 4
-8 5 11 10 14 10 8 1 -7 6 -13 11 -13 7 0 7 6 0 19 -8 16 -6 22 7 31 15 8 13
9 -11 6 -21 -4 -29 -1 -33 13 -4 15 -21 21 -78 30 -438 65 -669 535 -448 910
96 163 276 278 465 298 39 4 58 10 58 19 0 16 -35 17 -118 3z"/>
<path d="M3935 3530 c11 -5 27 -9 35 -9 9 0 8 4 -5 9 -11 5 -27 9 -35 9 -9 0
-8 -4 5 -9z"/>
<path d="M4060 3520 c13 -11 21 -20 19 -21 -2 0 -12 -2 -21 -4 -12 -2 -15 2
-10 13 5 15 4 15 -11 3 -17 -14 -24 -37 -8 -27 5 3 21 -4 37 -16 15 -13 24
-17 20 -9 -7 10 -3 12 15 7 20 -6 21 -5 6 4 -9 6 -22 8 -28 4 -7 -4 -10 -1 -7
7 6 17 45 13 64 -6 16 -15 8 -25 -20 -25 -18 -1 -15 -6 18 -35 21 -19 43 -32
47 -29 5 3 9 0 9 -7 0 -7 7 -4 15 7 12 16 16 17 24 5 7 -10 9 -7 8 12 -1 14
-6 23 -11 19 -5 -3 -27 -7 -48 -8 -28 -2 -37 0 -31 9 22 35 1 77 -37 77 -11 0
-24 9 -30 20 -6 11 -18 20 -27 20 -12 0 -11 -4 7 -20z m80 -90 c0 -5 -2 -10
-4 -10 -3 0 -8 5 -11 10 -3 6 -1 10 4 10 6 0 11 -4 11 -10z"/>
<path d="M3735 3466 c0 -24 3 -42 8 -39 4 2 7 22 7 44 0 21 -3 39 -7 39 -5 0
-8 -20 -8 -44z"/>
<path d="M3800 3502 c0 -5 11 -14 24 -20 17 -8 23 -17 21 -39 -3 -41 -4 -43
-20 -37 -8 4 -15 1 -15 -5 0 -14 10 -14 43 2 15 7 25 18 22 25 -3 10 1 11 16
7 32 -10 16 9 -37 44 -48 33 -54 36 -54 23z m77 -48 c-3 -3 -12 -4 -19 -1 -8
3 -5 6 6 6 11 1 17 -2 13 -5z"/>
<path d="M3903 3464 c15 -15 24 -30 22 -35 -3 -4 0 -11 6 -15 8 -5 9 -3 4 6
-6 10 -4 12 7 7 22 -8 56 17 38 28 -8 5 -11 4 -7 -2 4 -6 -4 -10 -18 -10 -14
0 -28 3 -31 8 -3 5 1 6 9 3 8 -3 18 -1 22 5 3 6 -1 12 -9 12 -29 3 -34 4 -42
12 -4 4 -12 7 -17 7 -5 0 2 -12 16 -26z"/>
<path d="M3776 3464 c-18 -17 -22 -39 -6 -29 11 7 33 45 26 45 -2 0 -12 -7
-20 -16z"/>
<path d="M3810 3460 c0 -5 5 -10 10 -10 6 0 10 5 10 10 0 6 -4 10 -10 10 -5 0
-10 -4 -10 -10z"/>
<path d="M4490 3440 c0 -5 5 -10 11 -10 5 0 7 5 4 10 -3 6 -8 10 -11 10 -2 0
-4 -4 -4 -10z"/>
<path d="M4006 3432 c-7 -12 6 -26 38 -40 16 -7 26 -16 22 -19 -3 -4 -12 -1
-18 5 -7 7 -19 12 -27 12 -14 0 -14 -1 -1 -10 11 -7 12 -10 2 -10 -8 0 -16 9
-19 20 -4 13 -14 20 -30 20 -20 0 -23 -3 -14 -13 6 -8 9 -16 6 -18 -2 -3 6 -6
18 -6 12 -1 23 -7 25 -13 3 -8 8 -7 18 1 19 16 30 4 14 -16 -7 -8 -9 -15 -4
-15 5 0 3 -4 -5 -9 -11 -7 -9 -11 9 -21 15 -8 20 -8 16 -1 -4 6 -1 11 6 11 8
1 6 6 -6 15 -19 14 -19 15 3 23 12 4 22 11 22 15 -1 4 2 7 6 7 4 0 8 -8 8 -18
0 -12 7 -16 22 -15 16 2 21 -1 16 -12 -6 -16 -33 -16 -45 -1 -3 5 -6 -6 -5
-25 2 -30 -1 -34 -21 -31 -15 1 -22 -2 -19 -10 2 -7 12 -12 22 -10 10 2 22 -2
26 -10 6 -8 9 3 9 30 0 25 4 41 10 37 5 -3 7 -13 4 -23 -3 -9 2 -5 11 11 8 15
23 27 33 27 13 0 14 -2 3 -9 -8 -5 -9 -11 -3 -15 5 -3 12 0 15 7 6 15 -40 59
-49 46 -3 -5 -10 -9 -17 -9 -8 0 -8 3 0 11 9 9 6 17 -12 30 -13 11 -31 19 -42
19 -13 0 -14 3 -5 8 9 6 6 12 -12 20 -14 6 -27 8 -30 4z m29 -20 c-3 -3 -11 0
-18 7 -9 10 -8 11 6 5 10 -3 15 -9 12 -12z"/>
<path d="M3742 3411 c-8 -5 -12 -16 -10 -25 2 -12 6 -10 15 9 6 14 10 25 10
25 -1 0 -8 -4 -15 -9z"/>
<path d="M3750 3390 c0 -5 4 -10 9 -10 5 0 18 -3 28 -7 16 -6 16 -5 4 10 -15
19 -41 23 -41 7z"/>
<path d="M4300 3385 c0 -8 5 -15 10 -15 6 0 10 7 10 15 0 8 -4 15 -10 15 -5 0
-10 -7 -10 -15z"/>
<path d="M3884 3382 c9 -15 -78 -34 -107 -23 -14 6 -53 8 -86 6 -258 -19 -454
-269 -411 -524 29 -172 140 -304 306 -362 49 -17 73 -19 144 -14 47 3 99 11
117 16 23 7 38 7 55 -2 21 -11 22 -11 9 4 -11 14 -11 17 0 18 8 1 17 1 22 0 4
0 7 4 7 10 0 7 11 9 26 6 17 -3 22 -1 15 6 -12 12 34 52 50 42 6 -4 9 -1 7 7
-3 14 35 58 51 58 15 0 33 -28 22 -34 -5 -3 -11 0 -14 6 -3 10 -8 10 -18 -1
-12 -12 -12 -13 1 -6 13 8 13 7 1 -8 -11 -14 -17 -15 -30 -5 -10 8 -9 4 3 -10
17 -19 17 -22 3 -16 -10 4 -17 1 -17 -6 0 -9 -4 -9 -17 1 -12 10 -15 10 -9 1
4 -7 0 -19 -8 -28 -9 -9 -13 -20 -10 -26 4 -7 0 -7 -13 0 -11 6 -25 7 -33 2
-8 -5 -18 -6 -24 -3 -5 3 -6 1 -2 -5 4 -7 20 -9 39 -5 31 5 31 5 12 -10 -11
-9 -35 -17 -54 -17 -25 0 -32 -4 -27 -15 8 -21 -23 -19 -40 3 -13 16 -14 16
-7 -2 4 -13 3 -17 -5 -12 -7 4 -12 4 -13 -1 0 -4 -2 -16 -4 -25 -2 -10 1 -18
6 -18 5 0 9 7 9 16 0 12 7 15 25 12 14 -3 28 -1 31 3 3 5 24 10 47 10 32 2 35
3 13 6 l-29 5 29 15 c16 9 41 22 57 30 15 8 27 17 27 19 0 3 -4 2 -10 -1 -6
-3 -7 1 -4 9 3 9 10 14 14 11 5 -3 17 5 27 18 10 13 31 32 46 42 16 10 24 21
18 24 -5 4 -15 20 -21 36 l-10 30 21 -25 c13 -16 19 -19 15 -7 -3 9 -9 25 -12
35 -3 9 3 4 15 -13 24 -34 28 -23 6 15 -19 34 -20 62 -1 37 12 -16 14 -13 14
25 0 64 26 209 37 208 6 -1 11 7 12 17 2 15 1 15 -6 -2 -5 -11 -10 -14 -10 -7
-1 7 -5 11 -10 8 -9 -6 -24 66 -25 115 0 17 -5 25 -12 22 -9 -3 -11 2 -7 17 4
14 8 18 13 10 5 -8 9 -6 14 5 4 12 14 16 31 13 13 -3 22 -1 19 3 -8 13 -38 11
-52 -3 -8 -8 -14 -5 -22 16 -5 15 -7 32 -4 38 4 6 -2 8 -12 6 -10 -2 -20 -12
-22 -23 -2 -13 0 -16 5 -8 6 8 12 4 20 -13 6 -14 7 -26 2 -30 -5 -3 -9 -1 -9
4 0 6 -13 24 -30 42 -30 33 -40 57 -17 44 6 -4 8 -3 4 1 -4 5 -15 10 -23 11
-9 1 -33 15 -55 30 -41 28 -52 42 -21 25 14 -7 19 -6 19 3 0 8 -10 12 -25 10
-28 -3 -72 15 -72 29 0 5 -6 7 -14 4 -8 -3 -17 0 -19 8 -3 7 3 15 14 18 20 5
27 27 8 27 -5 0 -8 -4 -5 -8z m-154 -139 c1 -54 0 -196 0 -315 -1 -171 2 -218
12 -218 9 0 9 -3 -2 -10 -13 -9 -13 -10 0 -10 12 0 12 -2 2 -9 -8 -4 -13 -11
-13 -15 1 -3 1 -45 1 -92 l0 -87 -61 6 c-222 20 -399 258 -359 484 30 173 155
308 325 349 99 24 95 28 95 -83z m30 -118 c-7 -9 -15 -13 -19 -10 -3 3 1 10 9
15 21 14 24 12 10 -5z m115 -4 c3 -5 0 -13 -6 -17 -7 -4 -9 -3 -5 4 3 5 0 13
-6 15 -9 4 -10 6 -1 6 6 1 14 -3 18 -8z m70 -81 c3 -13 10 -27 17 -32 9 -5 10
-8 1 -8 -6 0 -15 5 -18 10 -9 14 -18 66 -10 59 3 -4 8 -17 10 -29z m5 -74 c0
-12 -5 -7 -19 24 -11 24 -11 24 3 6 9 -11 16 -24 16 -30z m-4 -128 c-9 -12
-16 -19 -16 -15 0 11 24 47 28 42 2 -2 -3 -14 -12 -27z m-31 -98 c-21 -22 -41
-37 -43 -35 -3 3 11 19 32 37 24 21 35 37 31 47 -5 13 -4 14 6 3 11 -10 5 -20
-26 -52z m-15 21 c0 -5 -7 -12 -16 -15 -14 -5 -15 -4 -4 9 14 17 20 19 20 6z
m-110 -89 c0 -4 -9 -8 -19 -8 -11 0 -17 4 -15 8 3 4 12 8 20 8 8 0 14 -4 14
-8z"/>
<path d="M4560 3375 c0 -8 2 -15 4 -15 2 0 6 7 10 15 3 8 1 15 -4 15 -6 0 -10
-7 -10 -15z"/>
<path d="M3950 3350 c0 -5 5 -10 11 -10 5 0 7 5 4 10 -3 6 -8 10 -11 10 -2 0
-4 -4 -4 -10z"/>
<path d="M3970 3330 c-13 -8 -13 -10 2 -10 9 0 20 5 23 10 8 13 -5 13 -25 0z"/>
<path d="M4139 3289 c-8 -56 -8 -59 11 -49 17 9 19 7 16 -18 -4 -26 -2 -28 32
-27 21 0 42 -6 48 -14 9 -11 12 -12 19 -1 5 8 4 11 -2 7 -10 -7 -28 20 -25 36
1 4 -6 7 -15 7 -12 0 -14 3 -6 8 8 5 6 13 -7 30 -10 12 -21 22 -25 22 -4 0 -3
-6 3 -13 7 -8 7 -18 2 -27 -9 -14 -11 -13 -14 9 0 5 -5 13 -10 18 -5 5 -6 2
-2 -7 4 -8 0 -6 -8 4 -9 11 -16 18 -17 15z m68 -41 c-2 -7 2 -21 11 -30 17
-20 3 -25 -16 -6 -9 9 -12 9 -12 -1 0 -7 -4 -9 -10 -6 -5 3 -10 11 -10 16 0 6
4 8 9 4 5 -3 12 4 16 15 3 11 9 20 12 20 2 0 3 -6 0 -12z"/>
<path d="M4631 3280 c0 -8 4 -24 9 -35 5 -13 9 -14 9 -5 0 8 -4 24 -9 35 -5
13 -9 14 -9 5z"/>
<path d="M62 3216 c7 -8 15 -12 17 -11 5 6 -10 25 -20 25 -5 0 -4 -6 3 -14z"/>
<path d="M96 3198 c3 -4 11 -8 18 -8 8 0 21 -11 30 -25 9 -14 20 -24 24 -24
34 5 62 -3 63 -18 0 -11 3 -13 6 -5 3 8 30 12 81 13 43 0 86 4 97 9 16 7 17 9
3 9 -9 1 -20 6 -23 11 -4 7 2 9 18 5 14 -4 28 -2 31 4 5 7 -7 11 -33 11 -46 0
-48 -2 -24 -26 17 -16 12 -17 -92 -10 -61 4 -116 7 -122 8 -19 2 -16 18 4 18
9 0 13 3 9 7 -11 11 -96 31 -90 21z"/>
<path d="M4146 3177 c3 -10 9 -15 12 -12 3 3 0 11 -7 18 -10 9 -11 8 -5 -6z"/>
<path d="M4374 3150 c-1 -22 2 -37 6 -35 8 5 8 61 0 69 -3 3 -6 -13 -6 -34z"/>
<path d="M4656 3168 c-6 -40 -5 -87 2 -92 4 -2 8 22 8 55 0 62 -3 75 -10 37z"/>
<path d="M224 3165 c11 -9 38 -14 60 -13 l41 1 -42 4 c-24 2 -43 8 -43 14 0 5
-8 9 -17 9 -16 -1 -16 -2 1 -15z"/>
<path d="M4244 3138 c0 -10 1 -18 3 -18 1 0 7 8 12 18 7 13 6 19 -2 19 -7 0
-13 -9 -13 -19z"/>
<path d="M4677 3129 c4 -13 8 -18 11 -10 2 7 -1 18 -6 23 -8 8 -9 4 -5 -13z"/>
<path d="M4190 3117 c0 -10 -4 -16 -8 -13 -4 2 -9 -4 -9 -15 -1 -10 3 -19 8
-19 6 0 7 5 4 10 -3 6 1 10 9 10 18 0 20 9 6 30 -8 13 -10 12 -10 -3z"/>
<path d="M4258 3103 c-6 -71 -2 -143 10 -143 6 0 12 7 12 16 0 8 5 12 10 9 16
-10 12 7 -10 40 -14 22 -18 39 -14 63 4 17 3 32 0 32 -3 0 -7 -8 -8 -17z"/>
<path d="M4278 3084 c-3 -28 0 -38 16 -46 19 -10 20 -10 7 5 -8 10 -11 27 -7
41 3 14 2 27 -3 30 -5 3 -11 -10 -13 -30z"/>
<path d="M4220 3069 c0 -5 -4 -7 -10 -4 -5 3 -10 1 -10 -4 0 -6 9 -11 20 -11
13 0 18 5 14 15 -7 17 -14 20 -14 4z"/>
<path d="M4350 3071 c0 -6 5 -11 11 -11 6 0 8 -8 5 -17 -7 -22 8 -50 18 -35 3
6 2 13 -4 17 -6 4 -5 12 5 21 8 9 15 21 15 27 0 7 -4 6 -9 -2 -8 -12 -12 -12
-25 -2 -11 9 -16 10 -16 2z"/>
<path d="M0 3046 c0 -17 1 -17 40 -21 13 -1 26 -7 28 -13 1 -5 12 -8 22 -5 11
3 20 1 20 -3 0 -5 11 -9 24 -9 13 0 22 3 19 8 -5 8 -18 8 259 7 155 0 218 3
218 11 0 8 -66 9 -242 5 -325 -8 -312 -9 -316 4 -2 5 -8 8 -13 4 -5 -3 -9 0
-9 6 0 6 -5 8 -10 5 -6 -4 -17 -1 -25 5 -12 10 -15 9 -15 -4z"/>
<path d="M175 3050 c-4 -7 442 -7 448 0 3 3 -96 5 -220 5 -124 0 -226 -2 -228
-5z"/>
<path d="M4206 3021 c-4 -7 -5 -15 -2 -18 9 -9 19 4 14 18 -4 11 -6 11 -12 0z"/>
<path d="M4181 2994 c0 -11 3 -14 6 -6 3 7 2 16 -1 19 -3 4 -6 -2 -5 -13z"/>
<path d="M193 2993 c9 -2 25 -2 35 0 9 3 1 5 -18 5 -19 0 -27 -2 -17 -5z"/>
<path d="M4315 2960 c-4 -6 -12 -7 -18 -3 -7 4 -5 -2 3 -13 22 -29 24 -30 17
-13 -3 9 0 22 6 28 6 6 8 11 5 11 -4 0 -10 -5 -13 -10z"/>
<path d="M4225 2949 c-4 -6 -5 -12 -2 -15 2 -3 7 2 10 11 7 17 1 20 -8 4z"/>
<path d="M4262 2930 c0 -14 2 -19 5 -12 2 6 2 18 0 25 -3 6 -5 1 -5 -13z"/>
<path d="M4699 2933 c-1 -10 -2 -29 -3 -43 -1 -14 -6 -25 -13 -25 -6 0 -15 -3
-19 -7 -4 -5 2 -8 14 -8 11 0 22 -5 24 -11 2 -6 5 16 6 50 1 34 0 61 -3 61 -3
0 -6 -8 -6 -17z"/>
<path d="M4666 2925 c-7 -19 3 -45 16 -45 6 0 5 6 -2 15 -10 12 -10 18 0 30 7
9 8 15 2 15 -5 0 -12 -7 -16 -15z"/>
<path d="M4199 2928 c-1 -2 -3 -12 -4 -23 -2 -11 -6 -29 -10 -40 -6 -16 -5
-17 4 -5 9 12 11 11 11 -8 0 -16 -4 -21 -12 -16 -9 5 -9 2 1 -9 12 -15 11 -17
-3 -17 -9 0 -16 -4 -16 -10 0 -17 28 -11 34 8 9 31 4 138 -5 120z"/>
<path d="M4297 2875 c-10 -60 -9 -82 7 -82 8 0 16 11 19 24 5 27 -9 32 -16 6
-3 -11 -5 -8 -6 9 -1 18 3 26 12 22 8 -3 13 5 14 23 1 24 0 25 -6 8 -8 -19 -9
-18 -13 5 -3 20 -5 18 -11 -15z"/>
<path d="M4426 2868 c-8 -32 -7 -40 3 -34 5 4 11 0 14 -6 2 -7 8 -10 12 -6 4
4 1 21 -7 38 -15 31 -15 31 -22 8z"/>
<path d="M4235 2843 c4 -14 2 -23 -4 -23 -6 0 -11 -4 -11 -10 0 -5 7 -10 15
-10 17 0 20 28 4 50 -8 12 -9 10 -4 -7z"/>
<path d="M4262 2811 c1 -16 6 -27 10 -25 11 7 10 42 -2 49 -6 4 -10 -5 -8 -24z"/>
<path d="M4660 2822 c0 -5 7 -9 15 -9 8 0 15 4 15 9 0 4 -7 8 -15 8 -8 0 -15
-4 -15 -8z"/>
<path d="M4661 2795 c1 -19 18 -51 18 -35 0 8 -4 22 -9 30 -5 8 -9 11 -9 5z"/>
<path d="M4188 2782 c-19 -4 -25 -32 -8 -32 6 0 10 5 10 10 0 6 6 10 14 10 8
0 17 4 20 8 5 9 -7 10 -36 4z"/>
<path d="M4240 2765 c0 -8 -4 -15 -10 -15 -17 0 -23 -49 -10 -80 7 -17 19 -30
26 -30 14 0 58 79 49 88 -3 3 -5 1 -5 -5 0 -5 -7 -10 -15 -10 -21 0 -19 24 4
37 14 7 21 6 24 -3 3 -6 6 -7 6 -2 0 6 -4 17 -9 25 -9 13 -13 11 -30 -10 -14
-18 -18 -36 -15 -68 2 -25 0 -40 -6 -37 -5 4 -7 33 -5 66 2 32 2 59 0 59 -2 0
-4 -7 -4 -15z"/>
<path d="M4690 2746 c0 -12 -5 -16 -14 -13 -10 4 -13 1 -9 -9 4 -10 0 -13 -13
-8 -15 5 -16 4 -5 -4 8 -6 20 -8 27 -5 15 5 29 41 20 50 -3 4 -6 -2 -6 -11z"/>
<path d="M4673 2684 c-3 -10 -11 -22 -17 -26 -6 -4 -8 -10 -4 -13 4 -4 14 5
24 19 9 15 14 29 11 33 -4 3 -10 -3 -14 -13z"/>
<path d="M4400 2690 c-7 -14 -5 -59 3 -51 5 5 7 19 4 32 -2 13 -5 22 -7 19z"/>
<path d="M4173 2653 c-4 -15 -6 -34 -5 -41 2 -7 -4 -15 -13 -18 -8 -3 -15 -17
-15 -31 0 -15 4 -22 11 -18 6 4 8 13 5 21 -3 8 -1 14 3 14 17 0 18 -25 3 -43
-21 -24 -8 -33 20 -13 15 10 17 16 8 16 -12 0 -13 2 -1 9 11 7 11 9 0 13 -8 3
-11 9 -7 13 4 4 14 2 23 -5 13 -11 14 -10 9 4 -4 11 -2 16 6 14 7 -2 15 3 17
10 4 11 1 12 -16 3 -12 -7 -25 -9 -30 -6 -5 3 -11 2 -14 -2 -2 -5 -2 -1 1 7 3
8 4 24 4 35 -1 11 4 22 10 26 7 5 7 8 -1 13 -6 4 -13 -5 -18 -21z"/>
<path d="M4372 2658 c8 -19 -11 -49 -19 -30 -2 6 -9 10 -14 6 -5 -3 -9 3 -9
13 0 14 -3 12 -13 -7 -8 -14 -20 -36 -27 -50 -15 -27 -14 -69 1 -84 12 -14 11
-39 -1 -31 -6 4 -10 3 -9 -2 5 -32 -2 -42 -31 -40 -34 2 -40 16 -10 24 11 3
20 9 20 13 0 5 3 15 6 23 3 10 0 15 -8 13 -24 -3 -39 -18 -34 -32 7 -17 -10
-19 -18 -1 -3 6 -5 3 -5 -8 2 -35 -1 -45 -12 -45 -8 0 -8 5 1 15 21 25 -1 17
-25 -9 -13 -14 -26 -22 -29 -18 -4 3 -4 -1 0 -11 4 -12 1 -17 -11 -17 -10 0
-13 5 -9 12 4 7 3 8 -4 4 -6 -4 -9 -13 -6 -21 4 -10 -1 -12 -18 -8 -19 4 -20
3 -8 -7 12 -10 11 -11 -7 -7 -19 4 -23 1 -23 -19 0 -18 -4 -22 -17 -17 -11 4
-14 3 -9 -5 4 -7 2 -12 -3 -12 -17 0 -13 18 7 30 16 11 16 11 -1 6 -10 -3 -21
-6 -23 -6 -2 0 -4 -9 -4 -20 0 -16 -4 -18 -21 -11 -41 14 -167 -42 -136 -61 6
-4 19 -7 27 -7 10 0 9 3 -5 10 -17 8 -16 9 8 5 16 -2 42 3 59 11 36 18 31 28
-6 13 -15 -5 -35 -10 -44 -9 -9 0 5 7 32 15 26 9 56 12 65 8 9 -4 19 -7 22 -6
3 1 5 -25 4 -56 -1 -31 2 -62 7 -68 6 -9 -9 -12 -56 -13 -38 0 -68 4 -72 10
-9 15 15 28 46 25 14 -2 16 -1 5 1 -18 5 -18 6 5 19 24 14 24 15 -10 8 -54
-11 -67 -8 -100 26 -16 17 -30 27 -30 22 0 -4 6 -14 12 -20 10 -10 10 -17 0
-32 -16 -26 -16 -25 14 -28 14 -1 23 2 19 8 -3 6 3 10 14 10 12 0 21 -4 21
-10 0 -5 -4 -10 -9 -10 -12 0 -26 -39 -22 -62 1 -11 -4 -18 -13 -18 -9 0 -16
-5 -16 -11 0 -6 7 -9 15 -5 11 4 15 -2 15 -24 0 -32 -22 -50 -51 -43 -11 3
-19 1 -19 -5 0 -6 14 -13 30 -17 17 -4 30 -11 30 -16 0 -5 -11 -4 -25 1 -14 5
-25 6 -25 1 0 -5 12 -14 28 -20 23 -10 20 -10 -23 -6 -41 4 -45 3 -25 -6 13
-5 36 -9 50 -7 21 3 25 8 25 35 0 36 11 32 18 -7 l4 -25 2 25 c1 24 4 25 46
23 32 -2 44 1 39 9 -5 7 1 9 20 6 24 -5 26 -3 26 28 0 21 5 34 13 34 7 0 24
14 39 30 20 23 35 30 62 30 42 0 44 -5 14 -31 l-23 -19 27 13 c25 11 33 25 29
50 0 4 5 7 11 7 9 0 8 4 -2 11 -13 9 -13 10 0 6 8 -2 15 -10 16 -18 2 -32 5
-37 24 -42 14 -4 20 0 20 13 0 10 7 23 16 31 20 16 88 24 79 9 -4 -7 6 -5 22
4 30 15 39 44 19 59 -7 6 -5 7 5 4 9 -3 22 -1 30 5 12 8 12 9 -1 5 -8 -2 -23
0 -34 5 -12 7 -16 7 -12 0 3 -6 1 -12 -6 -14 -6 -2 -13 -14 -15 -27 -3 -19 0
-21 19 -16 20 5 21 4 5 -5 -24 -16 -37 -4 -33 30 2 17 -1 30 -5 30 -5 0 -9 9
-9 20 0 11 4 20 10 20 5 0 7 -7 3 -16 -4 -11 -2 -15 7 -12 22 7 23 26 2 32
-18 6 -37 44 -27 54 2 2 13 -2 25 -8 14 -8 19 -17 15 -28 -4 -12 1 -10 15 6
16 17 25 20 40 12 13 -7 20 -6 23 3 3 8 10 7 26 -7 20 -18 27 -13 22 18 -1 4
4 14 10 22 9 11 8 18 -1 29 -15 18 -6 45 15 45 8 0 15 8 15 18 0 13 -2 14 -9
3 -5 -7 -13 -11 -19 -7 -11 7 -4 119 8 124 4 1 0 18 -9 37 -15 31 -20 34 -56
32 -32 -2 -39 1 -37 15 1 9 -3 20 -9 24 -8 5 -10 2 -7 -8z m-52 -68 c0 -5 -4
-10 -10 -10 -5 0 -10 5 -10 10 0 6 5 10 10 10 6 0 10 -4 10 -10z m8 -79 c0
-66 -10 -93 -29 -74 -9 9 -9 16 1 28 10 12 10 21 1 41 -13 30 -14 47 -2 39 5
-3 13 -1 16 5 4 6 3 10 -2 9 -19 -3 -34 2 -29 10 3 5 14 7 25 4 15 -4 18 -15
19 -62z m-82 -38 c-10 -10 -19 5 -10 18 6 11 8 11 12 0 2 -7 1 -15 -2 -18z m2
-56 c20 -13 15 -47 -8 -47 -11 0 -20 7 -20 16 0 8 5 12 10 9 16 -10 11 1 -7
16 -12 10 -15 10 -9 1 5 -8 3 -11 -6 -10 -8 2 -12 -6 -10 -23 3 -22 -2 -27
-23 -31 -19 -4 -25 -2 -21 8 4 10 0 11 -19 2 -14 -6 -25 -15 -25 -20 0 -4 -9
-8 -19 -8 -11 0 -22 -6 -24 -12 -4 -9 -6 -8 -6 2 0 8 22 26 49 39 27 13 47 28
44 32 -3 5 0 9 6 9 6 0 8 5 4 11 -4 7 0 9 14 5 11 -4 23 -3 26 3 7 10 25 9 44
-2z m72 -37 c0 -23 -4 -30 -20 -30 -16 0 -20 7 -20 30 0 23 4 30 20 30 16 0
20 -7 20 -30z m-40 -49 c0 -12 -9 -20 -25 -23 -29 -6 -35 -2 -35 24 0 13 8 18
30 18 23 0 30 -5 30 -19z m-141 2 c-4 -22 2 -25 15 -8 8 11 19 16 30 12 38
-15 -3 -45 -44 -32 -20 6 -28 35 -10 35 6 0 9 -3 9 -7z m225 -132 c3 -5 0 -11
-7 -14 -8 -3 -14 1 -14 9 0 16 13 19 21 5z m-216 -56 c11 -10 -6 -15 -56 -16
-48 -2 -52 -4 -52 -26 0 -26 -25 -42 -42 -25 -13 13 7 52 27 52 8 0 15 4 15 9
0 5 8 11 18 13 22 5 83 1 90 -7z m82 1 c0 -2 -3 -11 -6 -20 -9 -23 -24 -20
-24 4 0 11 7 20 15 20 8 0 15 -2 15 -4z"/>
<path d="M4205 2631 c3 -5 -1 -11 -7 -14 -7 -2 -10 -8 -6 -12 4 -4 14 -1 22 8
14 13 14 16 0 21 -8 3 -13 2 -9 -3z"/>
<path d="M4655 2620 c-3 -5 -1 -10 4 -10 6 0 11 5 11 10 0 6 -2 10 -4 10 -3 0
-8 -4 -11 -10z"/>
<path d="M4085 2540 c-3 -5 -1 -10 4 -10 6 0 11 5 11 10 0 6 -2 10 -4 10 -3 0
-8 -4 -11 -10z"/>
<path d="M4116 2525 c4 -23 3 -27 -5 -15 -10 13 -13 12 -27 -5 -8 -11 -20 -19
-25 -17 -6 1 -7 -3 -2 -10 4 -7 8 -16 8 -20 0 -5 4 -8 9 -7 5 0 12 -5 16 -11
5 -8 9 -7 13 5 4 9 3 14 -2 11 -5 -3 -12 1 -15 10 -4 9 -2 13 5 8 8 -4 9 1 5
17 -7 22 -6 23 7 6 11 -13 16 -15 20 -5 2 7 8 10 12 6 4 -4 2 -16 -6 -25 -12
-16 -11 -16 8 1 15 12 19 22 12 30 -5 6 -16 20 -24 31 -15 19 -15 18 -9 -10z"/>
<path d="M4526 2541 c-4 -7 -5 -15 -2 -18 9 -9 19 4 14 18 -4 11 -6 11 -12 0z"/>
<path d="M4255 2530 c-3 -5 -1 -10 4 -10 6 0 11 5 11 10 0 6 -2 10 -4 10 -3 0
-8 -4 -11 -10z"/>
<path d="M4502 2520 c0 -14 2 -19 5 -12 2 6 2 18 0 25 -3 6 -5 1 -5 -13z"/>
<path d="M4533 2473 c-19 -7 -16 -23 5 -23 13 0 14 -2 4 -9 -11 -7 -11 -9 2
-14 11 -4 16 -1 16 11 0 24 -13 40 -27 35z"/>
<path d="M8381 2471 c-8 -5 -20 -7 -27 -4 -6 2 -15 -1 -19 -6 -3 -6 -10 -9
-15 -6 -11 7 -81 -30 -75 -39 3 -3 0 -2 -6 3 -13 11 -61 -7 -54 -19 3 -4 -3
-7 -13 -6 -9 0 -16 -5 -14 -12 1 -8 -2 -11 -8 -7 -14 9 -72 -34 -67 -49 3 -7
-5 -13 -17 -13 -11 -1 -31 -14 -44 -29 -19 -21 -21 -29 -10 -36 10 -7 8 -8 -5
-4 -13 4 -27 -9 -57 -55 -22 -34 -37 -65 -34 -70 3 -5 1 -9 -5 -9 -10 0 -36
-74 -34 -97 0 -7 -4 -13 -9 -13 -6 0 -8 -11 -6 -25 3 -13 1 -22 -4 -19 -10 7
-10 29 -15 -413 l-4 -353 333 0 c183 0 343 3 356 6 21 6 22 11 22 95 l0 90
-262 -1 -263 -1 -1 263 c-1 226 2 271 17 322 10 33 15 64 12 69 -3 6 -2 7 4 4
5 -3 19 14 31 39 24 48 26 58 14 50 -5 -3 -9 1 -9 9 0 10 4 12 12 5 8 -7 22 0
46 22 19 17 29 28 24 25 -6 -3 -11 2 -11 12 0 11 9 17 26 18 22 2 23 1 5 -7
-16 -7 -17 -9 -3 -9 9 -1 19 3 23 8 10 16 96 60 148 76 28 8 81 15 119 15 l68
0 0 90 0 90 -77 0 c-43 0 -84 -4 -92 -9z m-244 -116 c0 -8 -4 -12 -9 -9 -5 3
-6 10 -3 15 9 13 12 11 12 -6z m-21 -31 c2 -12 -1 -13 -12 -3 -7 6 -11 16 -8
21 7 11 17 3 20 -18z m-67 -55 c-15 -9 -32 -2 -24 11 3 5 13 6 21 3 12 -4 13
-8 3 -14z m216 -17 c-3 -3 -11 0 -18 7 -9 10 -8 11 6 5 10 -3 15 -9 12 -12z
m-284 -55 c-10 -9 -11 -8 -5 6 3 10 9 15 12 12 3 -3 0 -11 -7 -18z m49 -172
c0 -5 -5 -3 -10 5 -5 8 -10 20 -10 25 0 6 5 3 10 -5 5 -8 10 -19 10 -25z"/>
<path d="M4015 2460 c3 -5 1 -11 -5 -15 -7 -4 -7 -12 -1 -23 7 -12 5 -23 -7
-37 -13 -15 -11 -15 9 3 14 12 29 19 34 15 4 -5 5 -2 1 5 -4 7 -11 10 -16 7
-5 -3 -8 4 -7 15 1 19 17 29 17 11 0 -5 8 -12 17 -15 16 -6 16 -6 0 12 -9 10
-15 21 -12 23 2 3 -5 5 -16 6 -11 1 -17 -2 -14 -7z"/>
<path d="M3750 2450 c8 -5 11 -10 6 -10 -5 0 -3 -6 3 -14 9 -11 9 -15 -1 -19
-7 -2 -10 -7 -7 -11 9 -10 37 3 43 20 4 10 2 12 -6 8 -7 -5 -9 0 -6 14 5 19 2
22 -20 22 -21 0 -24 -2 -12 -10z"/>
<path d="M3736 2379 c1 -33 5 -63 9 -67 4 -4 5 21 2 56 -6 81 -15 91 -11 11z"/>
<path d="M4561 2411 c-8 -5 -9 -11 -3 -15 5 -3 12 1 16 9 6 17 6 18 -13 6z"/>
<path d="M5712 2414 c-6 -3 -9 -10 -6 -16 4 -6 1 -9 -7 -6 -8 3 -20 -2 -27
-11 -11 -13 -12 -13 -7 -1 4 8 -1 6 -9 -4 -9 -11 -16 -26 -16 -33 0 -7 -5 -13
-11 -13 -5 0 -7 -4 -4 -10 3 -5 2 -10 -3 -10 -18 0 -13 -92 6 -107 9 -8 11
-12 5 -8 -20 10 -15 -1 11 -29 13 -15 29 -26 35 -26 7 0 10 -4 7 -9 -3 -5 2
-12 11 -15 9 -4 20 -1 25 6 6 10 8 10 8 -1 0 -8 6 -11 16 -7 8 3 12 2 9 -3 -9
-15 72 -4 97 13 12 9 35 35 51 58 25 37 28 49 23 92 -6 53 -28 96 -50 96 -7 0
-20 9 -28 21 -10 16 -26 22 -68 25 -30 2 -61 1 -68 -2z m182 -63 c3 -5 -2 -15
-12 -22 -15 -13 -16 -12 -4 3 10 13 10 17 0 21 -9 4 -9 6 -1 6 6 1 14 -3 17
-8z m-237 -36 c0 -8 -4 -12 -9 -9 -5 3 -6 10 -3 15 9 13 12 11 12 -6z m210
-160 c0 -8 -4 -15 -9 -15 -10 0 -11 14 -1 23 9 10 10 9 10 -8z"/>
<path d="M6524 2412 c4 -8 2 -10 -8 -6 -8 3 -24 -4 -35 -15 -12 -12 -21 -18
-21 -13 0 4 -5 -1 -11 -11 -8 -13 -7 -23 3 -35 12 -15 11 -16 -4 -3 -16 12
-22 9 -19 -11 0 -5 -3 -8 -9 -8 -5 0 -10 -21 -10 -48 0 -36 5 -50 20 -60 11
-7 20 -18 20 -25 0 -6 -7 -3 -15 7 -8 11 -15 15 -15 9 0 -6 18 -27 39 -46 80
-72 192 -57 245 34 10 17 14 29 9 26 -5 -3 -10 0 -10 7 0 8 6 12 13 9 10 -4
12 8 10 45 -4 56 -12 76 -28 66 -7 -5 -9 -1 -5 9 4 11 2 14 -7 11 -8 -3 -17 0
-22 7 -5 8 -3 10 7 4 8 -4 3 4 -11 18 -19 20 -39 28 -84 33 -43 5 -57 4 -52
-4z"/>
<path d="M3934 2395 c-5 -13 -9 -13 -22 -3 -10 8 -13 9 -9 1 4 -6 3 -13 -1
-15 -5 -1 0 -12 10 -23 19 -20 19 -20 12 0 -6 16 -5 18 7 8 7 -7 18 -13 24
-13 5 0 2 5 -8 11 -13 8 -15 14 -7 30 6 10 8 19 5 19 -3 0 -8 -7 -11 -15z"/>
<path d="M4485 2380 c3 -5 11 -10 16 -10 6 0 7 5 4 10 -3 6 -11 10 -16 10 -6
0 -7 -4 -4 -10z"/>
<path d="M3808 2373 c6 -2 18 -2 25 0 6 3 1 5 -13 5 -14 0 -19 -2 -12 -5z"/>
<path d="M4502 2355 c-20 -18 -21 -23 -9 -33 11 -10 17 -9 26 1 6 8 8 17 4 21
-4 4 -1 11 6 15 7 5 9 11 5 13 -5 3 -19 -5 -32 -17z m12 -26 c-3 -5 -10 -7
-15 -3 -5 3 -7 10 -3 15 3 5 10 7 15 3 5 -3 7 -10 3 -15z"/>
<path d="M3770 2350 c-13 -9 -13 -11 0 -20 12 -8 13 -10 1 -10 -8 0 -12 -2 -9
-5 10 -10 68 8 68 20 0 8 6 16 13 18 7 3 5 6 -5 6 -9 1 -21 -6 -26 -15 -6 -10
-14 -14 -22 -9 -9 6 -9 9 1 16 8 5 10 9 4 9 -5 0 -17 -5 -25 -10z"/>
<path d="M3861 2346 c-15 -8 -20 -16 -12 -20 6 -4 11 -2 11 4 0 7 8 9 20 5 15
-5 18 -3 14 9 -3 9 -7 16 -8 16 0 -1 -12 -7 -25 -14z"/>
<path d="M4377 2271 c-19 -23 -19 -24 -1 -8 11 9 24 14 27 11 4 -4 13 -1 22 6
15 12 22 0 8 -14 -4 -3 -8 -13 -9 -21 -2 -12 4 -10 27 5 15 12 32 26 35 33 4
7 -2 4 -13 -6 -20 -18 -21 -18 -19 0 2 28 -50 24 -77 -6z"/>
<path d="M3820 2269 c0 -5 5 -7 10 -4 6 3 10 8 10 11 0 2 -4 4 -10 4 -5 0 -10
-5 -10 -11z"/>
<path d="M3970 2260 c0 -5 5 -10 10 -10 6 0 10 5 10 10 0 6 -4 10 -10 10 -5 0
-10 -4 -10 -10z"/>
<path d="M3926 2241 c-4 -5 3 -7 14 -4 23 6 26 13 6 13 -8 0 -17 -4 -20 -9z"/>
<path d="M4390 2199 c0 -5 5 -7 10 -4 6 3 10 8 10 11 0 2 -4 4 -10 4 -5 0 -10
-5 -10 -11z"/>
<path d="M3773 2193 c-7 -3 -13 -14 -13 -26 0 -20 1 -20 16 -5 18 18 16 37 -3
31z"/>
<path d="M4259 2140 c-1 -3 -1 -8 0 -12 0 -5 -4 -8 -11 -8 -6 0 -8 -3 -5 -6 3
-4 2 -15 -3 -25 -9 -16 -8 -16 20 -2 31 15 42 30 15 19 -8 -3 -15 -1 -15 4 0
16 20 22 35 10 10 -8 15 -8 21 1 5 8 3 9 -6 4 -9 -6 -12 -4 -8 6 4 10 -2 14
-18 14 -13 0 -25 -2 -25 -5z"/>
<path d="M3775 2080 c-8 -26 -1 -35 20 -26 18 7 17 37 -2 43 -6 2 -14 -5 -18
-17z"/>
<path d="M8460 2083 c-40 -7 -45 -20 -11 -28 17 -4 29 -11 25 -16 -3 -5 0 -9
6 -9 7 0 9 8 5 21 -5 14 -2 25 6 30 15 9 11 9 -31 2z"/>
<path d="M4176 2065 c-26 -9 -46 -11 -63 -4 -18 7 -24 6 -21 -3 2 -6 14 -12
26 -13 12 -1 25 -5 29 -10 5 -4 -2 -4 -14 -1 -12 4 -24 2 -28 -4 -9 -14 -26
-13 -22 2 1 7 -8 14 -20 16 -16 2 -26 -5 -37 -27 -18 -34 -20 -51 -6 -51 5 0
7 6 4 14 -5 14 20 46 37 46 5 0 9 -10 9 -21 0 -17 3 -19 13 -10 8 6 17 7 21 3
4 -4 6 0 4 8 -2 10 4 14 19 12 13 -2 27 5 36 19 10 13 22 19 31 16 8 -3 18 -2
22 4 10 17 1 18 -40 4z"/>
<path d="M8382 2063 c-10 -4 -10 -8 -1 -19 8 -9 8 -14 1 -14 -6 0 -14 5 -17
10 -9 15 -27 1 -21 -16 3 -7 1 -16 -4 -19 -6 -4 -10 0 -10 7 -1 24 -67 -62
-67 -88 0 -24 0 -25 14 -4 8 11 18 18 23 15 5 -3 8 9 7 27 -1 24 2 33 13 33 9
0 13 -6 11 -15 -3 -8 -4 -48 -4 -87 1 -57 -1 -73 -13 -73 -11 0 -14 -16 -14
-68 0 -59 3 -69 23 -82 29 -18 145 -21 151 -3 3 7 21 13 41 13 l36 0 -1 165
c-1 91 -5 165 -10 165 -4 0 -13 -7 -20 -15 -8 -10 -29 -15 -59 -14 -53 1 -90
12 -74 22 7 4 14 3 18 -3 9 -14 55 -13 55 2 0 6 -3 9 -6 6 -3 -3 -17 -3 -32 1
-27 8 -37 38 -17 53 12 9 -3 9 -23 1z m-10 -64 c-9 -10 -20 -15 -25 -12 -6 3
-3 11 6 18 13 9 14 14 4 25 -10 10 -8 10 9 0 19 -12 20 -15 6 -31z m-86 -47
c-17 -16 -18 -16 -5 5 7 12 15 20 18 17 3 -2 -3 -12 -13 -22z"/>
<path d="M8535 2040 c-4 -6 -11 -7 -17 -4 -7 4 -8 2 -4 -5 6 -9 11 -9 22 0 14
11 18 19 10 19 -3 0 -8 -5 -11 -10z"/>
<path d="M4040 1990 c0 -5 5 -10 11 -10 5 0 7 5 4 10 -3 6 -8 10 -11 10 -2 0
-4 -4 -4 -10z"/>
<path d="M3970 1970 c-13 -8 -12 -10 3 -10 9 0 17 5 17 10 0 12 -1 12 -20 0z"/>
<path d="M3880 1956 c0 -9 5 -16 10 -16 6 0 10 4 10 9 0 6 -4 13 -10 16 -5 3
-10 -1 -10 -9z"/>
<path d="M3910 1966 c0 -2 9 -6 20 -9 11 -3 18 -1 14 4 -5 9 -34 13 -34 5z"/>
<path d="M8247 1883 c-4 -6 -1 -17 6 -25 8 -7 16 -20 19 -28 3 -10 7 -10 11
-3 4 6 1 17 -6 25 -8 7 -16 20 -19 28 -3 10 -7 10 -11 3z"/>
<path d="M8304 1876 c-3 -8 -4 -23 -2 -33 3 -11 6 -6 9 15 6 34 2 42 -7 18z"/>
<path d="M8240 1750 c0 -65 3 -90 10 -80 5 8 10 44 10 80 0 36 -5 72 -10 80
-7 10 -10 -15 -10 -80z"/>
<path d="M1665 1710 c-3 -6 1 -7 9 -4 18 7 21 14 7 14 -6 0 -13 -4 -16 -10z"/>
<path d="M8488 1653 c7 -3 16 -2 19 1 4 3 -2 6 -13 5 -11 0 -14 -3 -6 -6z"/>
<path d="M8241 1637 c-1 -25 23 -47 51 -46 23 1 23 1 -2 9 -16 5 -19 8 -8 9
10 1 16 9 15 20 -1 19 -12 22 -34 8 -6 -4 -14 -1 -16 5 -3 8 -6 5 -6 -5z"/>
<path d="M8475 1630 c8 -13 45 -13 65 0 11 7 3 10 -28 10 -26 0 -41 -4 -37
-10z"/>
<path d="M8325 1600 c-4 -6 23 -10 75 -10 52 0 79 4 75 10 -3 6 -37 10 -75 10
-38 0 -72 -4 -75 -10z"/>
<path d="M8500 1600 c0 -5 7 -7 15 -4 8 4 15 8 15 10 0 2 -7 4 -15 4 -8 0 -15
-4 -15 -10z"/>
<path d="M5110 1421 c-30 -10 -70 -25 -88 -35 -84 -44 -167 -148 -196 -246
-20 -67 -21 -182 -1 -246 8 -27 15 -62 15 -77 0 -19 4 -26 12 -21 8 5 9 2 5
-10 -4 -11 -2 -16 6 -14 6 1 34 -20 60 -49 26 -28 72 -64 102 -80 47 -24 55
-32 56 -58 0 -16 2 -40 3 -53 2 -13 -1 -25 -6 -28 -12 -8 -10 -64 3 -64 5 0 8
4 4 9 -3 5 -1 12 4 15 4 3 8 28 7 56 -1 27 2 50 6 50 4 0 8 9 8 19 0 17 4 18
37 9 20 -5 68 -8 105 -6 52 3 68 0 68 -10 0 -108 -47 -354 -94 -489 -29 -81
-31 -93 -16 -93 35 0 109 279 131 489 l12 116 55 25 c30 13 81 48 113 78 169
156 180 425 23 593 -113 120 -286 168 -434 120z"/>
<path d="M104 1072 c-103 -49 -121 -187 -35 -265 132 -119 331 29 255 190 -38
80 -137 113 -220 75z"/>
<path d="M4357 763 c-5 -268 -11 -306 -68 -431 -41 -91 -106 -178 -194 -260
-69 -65 -74 -72 -51 -72 54 0 215 187 272 316 59 134 67 181 71 447 4 215 3
247 -10 247 -13 0 -16 -36 -20 -247z"/>
<path d="M4601 775 c1 -128 0 -236 -3 -241 -6 -9 -11 -57 -9 -81 1 -7 5 -13
11 -13 5 0 8 15 6 34 -1 19 1 33 4 31 12 -7 20 122 20 316 0 162 -2 186 -16
186 -13 0 -15 -27 -13 -232z"/>
<path d="M4843 738 c-2 -16 1 -17 13 -8 18 15 18 27 1 27 -7 0 -14 -9 -14 -19z"/>
<path d="M4858 710 c-4 -8 -8 -36 -11 -62 -4 -41 -2 -45 10 -33 9 10 13 31 11
62 -2 27 -6 41 -10 33z"/>
<path d="M4843 562 c0 -12 5 -22 9 -22 11 0 10 12 -2 30 -7 12 -9 10 -7 -8z"/>
<path d="M7260 517 c0 -11 23 -17 88 -26 269 -34 501 -194 614 -423 22 -46 39
-68 51 -68 33 0 -66 171 -152 263 -146 155 -317 239 -533 262 -56 5 -68 4 -68
-8z"/>
<path d="M4838 503 c7 -3 16 -2 19 1 4 3 -2 6 -13 5 -11 0 -14 -3 -6 -6z"/>
<path d="M7194 501 c7 -11 -17 -21 -52 -21 -22 0 -24 2 -12 11 10 7 11 9 2 7
-27 -7 -12 -23 25 -28 21 -3 38 -10 38 -17 0 -6 3 -15 8 -19 4 -4 7 2 7 14 0
11 5 24 10 27 7 4 8 -3 4 -22 -4 -15 -3 -24 2 -20 22 21 6 77 -22 77 -8 0 -13
-4 -10 -9z m21 -20 c-3 -6 -11 -11 -16 -11 -5 0 -4 6 3 14 14 16 24 13 13 -3z"/>
<path d="M4830 475 c0 -11 5 -27 10 -35 8 -12 10 -12 10 5 0 11 -5 27 -10 35
-8 12 -10 12 -10 -5z"/>
<path d="M7075 480 c3 -5 11 -10 16 -10 6 0 7 5 4 10 -3 6 -11 10 -16 10 -6 0
-7 -4 -4 -10z"/>
<path d="M7253 440 c0 -30 2 -43 4 -27 2 15 2 39 0 55 -2 15 -4 2 -4 -28z"/>
<path d="M6976 450 c-17 -10 -33 -17 -37 -14 -4 2 -9 -3 -13 -11 -8 -21 21
-32 82 -30 29 1 55 -2 58 -6 7 -12 34 -11 34 1 0 5 -7 7 -15 4 -8 -4 -15 -1
-15 5 0 8 -15 10 -47 6 -44 -4 -46 -3 -29 10 11 8 30 13 43 11 13 -3 21 -1 18
5 -4 5 -13 9 -21 9 -8 0 -13 5 -11 11 4 20 -17 20 -47 -1z m34 2 c0 -5 -13
-18 -30 -30 -19 -15 -30 -18 -30 -10 0 7 12 20 28 30 34 20 32 20 32 10z"/>
<path d="M7043 455 c2 -5 12 -10 23 -10 10 -1 24 -4 29 -7 6 -4 17 -3 25 3 12
7 10 9 -7 9 -12 0 -24 4 -28 9 -7 13 -46 9 -42 -4z"/>
<path d="M4824 415 c2 -16 -2 -34 -8 -38 -7 -6 -6 -7 3 -5 17 5 23 36 11 57
-6 12 -8 7 -6 -14z"/>
<path d="M4574 416 c-3 -7 -6 -24 -8 -37 -2 -13 -8 -35 -14 -49 -5 -14 -8 -28
-5 -32 2 -5 0 -8 -5 -8 -5 0 -12 -9 -15 -20 -3 -13 0 -20 10 -20 8 0 11 5 8
10 -3 6 1 17 9 26 9 8 16 25 16 38 0 12 4 26 9 32 13 14 22 74 10 74 -5 0 -12
-6 -15 -14z"/>
<path d="M5062 415 c2 -28 -11 -90 -33 -159 -10 -32 -16 -62 -13 -67 3 -5 0
-9 -6 -9 -7 0 -10 -7 -6 -15 3 -8 0 -15 -6 -15 -6 0 -8 -3 -5 -7 4 -3 2 -12
-4 -20 -6 -7 -9 -13 -6 -13 4 0 -5 -21 -18 -46 -14 -26 -22 -51 -19 -56 7 -11
31 20 36 47 1 11 9 26 16 34 7 7 11 20 8 27 -3 8 -1 14 4 14 6 0 9 3 8 7 -1 5
4 21 10 36 7 16 10 32 7 37 -3 5 -1 11 4 14 5 3 16 36 24 73 22 97 29 141 18
124 -7 -11 -10 -11 -15 0 -3 9 -5 6 -4 -6z"/>
<path d="M6873 407 c-4 -7 -8 -16 -8 -22 0 -5 -9 -11 -20 -13 -16 -3 -17 -1
-5 7 8 6 10 11 4 11 -20 0 -24 -13 -9 -30 14 -16 14 -18 -1 -24 -10 -4 -22 -2
-28 4 -8 8 -5 9 9 4 16 -5 18 -4 8 6 -9 10 -15 10 -31 -1 -19 -14 -19 -15 6
-33 14 -11 22 -13 17 -6 -6 10 -4 12 8 7 11 -4 20 4 31 28 9 19 26 41 37 48
16 12 17 15 5 20 -9 4 -19 1 -23 -6z"/>
<path d="M7146 403 c-3 -7 -2 -12 2 -11 4 1 21 -4 37 -11 28 -12 29 -13 12
-26 -20 -15 -7 -23 33 -21 14 1 30 -4 37 -10 6 -6 40 -14 75 -17 82 -8 166
-39 248 -92 68 -44 153 -127 185 -183 11 -17 27 -32 37 -32 16 0 15 5 -9 43
-42 67 -84 114 -145 162 -93 74 -241 135 -330 135 -48 0 -68 8 -68 29 0 9 -3
12 -8 6 -9 -13 -32 -17 -32 -6 0 5 3 11 8 14 4 2 1 2 -5 1 -7 -2 -13 3 -13 10
0 18 -58 27 -64 9z m99 -53 c3 -5 1 -10 -4 -10 -6 0 -11 5 -11 10 0 6 2 10 4
10 3 0 8 -4 11 -10z"/>
<path d="M6975 373 c-33 -8 -42 -23 -13 -23 14 0 28 -6 31 -14 3 -7 16 -13 29
-12 34 3 41 -4 21 -21 -17 -14 -17 -14 1 -5 28 14 30 44 3 40 -29 -3 -47 9
-40 27 5 15 2 16 -32 8z"/>
<path d="M7040 370 c0 -5 5 -10 10 -10 6 0 10 5 10 10 0 6 -4 10 -10 10 -5 0
-10 -4 -10 -10z"/>
<path d="M7073 357 c-5 -8 95 -3 103 6 3 2 -18 4 -47 3 -28 0 -53 -5 -56 -9z"/>
<path d="M4817 344 c4 -12 3 -15 -6 -10 -8 5 -11 3 -10 -5 1 -8 -3 -27 -10
-43 -6 -16 -9 -31 -6 -34 3 -3 5 0 5 7 0 7 4 9 10 6 6 -4 7 1 3 10 -3 10 -1
20 4 24 16 10 25 49 14 56 -7 4 -8 -1 -4 -11z"/>
<path d="M6876 335 c4 -9 1 -15 -7 -15 -7 0 2 -11 21 -25 43 -31 55 -32 16 -1
-18 15 -24 26 -17 30 16 10 14 26 -4 26 -9 0 -12 -6 -9 -15z"/>
<path d="M6910 325 c-7 -8 -9 -15 -6 -15 4 0 14 7 22 15 9 8 11 15 6 15 -5 0
-15 -7 -22 -15z"/>
<path d="M7090 330 c0 -5 5 -10 10 -10 6 0 10 5 10 10 0 6 -4 10 -10 10 -5 0
-10 -4 -10 -10z"/>
<path d="M7120 330 c0 -12 8 -12 35 0 18 8 17 9 -7 9 -16 1 -28 -3 -28 -9z"/>
<path d="M6770 310 c0 -5 5 -10 11 -10 5 0 7 5 4 10 -3 6 -8 10 -11 10 -2 0
-4 -4 -4 -10z"/>
<path d="M6966 298 c4 -6 -2 -8 -17 -4 -13 3 -18 3 -11 0 6 -3 12 -12 12 -20
0 -17 10 -18 30 -3 13 9 12 10 -3 5 -11 -4 -16 -2 -11 5 3 6 15 9 25 6 11 -3
17 -2 14 3 -3 4 -14 10 -25 13 -12 3 -18 1 -14 -5z"/>
<path d="M6723 289 c-30 -11 -29 -14 7 -15 17 -1 30 2 30 7 0 14 -14 17 -37 8z"/>
<path d="M6825 289 c-4 -5 -1 -9 5 -9 6 0 8 -5 5 -10 -4 -6 -3 -10 2 -9 26 5
53 -2 47 -12 -4 -8 1 -9 17 -5 l24 7 -24 -14 c-13 -8 -34 -13 -47 -11 -13 1
-22 -2 -19 -6 3 -5 13 -6 22 -3 15 6 16 5 3 -9 -8 -8 -20 -14 -26 -11 -7 2
-15 -1 -19 -6 -3 -6 -10 -9 -15 -6 -5 3 -12 0 -16 -6 -4 -7 -3 -9 3 -6 6 4 13
0 16 -8 4 -9 1 -12 -7 -9 -16 6 -40 -21 -31 -36 8 -12 -5 -13 -24 -1 -7 5 -11
13 -7 19 3 5 -1 15 -9 22 -8 7 -15 18 -15 24 0 6 5 4 10 -4 8 -12 10 -11 10 8
0 21 10 29 23 16 3 -4 -1 -13 -9 -22 -13 -12 -13 -16 -2 -23 9 -6 14 -3 17 9
2 9 8 23 14 30 6 7 6 12 1 11 -21 -4 -24 2 -13 24 l12 22 -24 -21 c-13 -12
-34 -25 -46 -28 -15 -5 -20 -12 -16 -23 3 -8 0 -19 -8 -25 -10 -6 -7 -7 10 -3
16 5 21 4 17 -4 -5 -7 -1 -8 10 -4 12 4 15 3 10 -6 -12 -19 24 -54 41 -40 7 6
13 18 13 26 0 8 4 12 9 9 8 -5 36 20 36 33 0 3 2 5 6 4 3 -1 25 14 48 33 24
19 48 34 52 34 19 0 8 16 -12 17 -12 1 -26 9 -32 18 -14 18 -54 28 -62 14z"/>
<path d="M102 274 c-89 -46 -117 -171 -55 -245 25 -29 26 -29 133 -29 l109 0
27 45 c44 77 25 163 -49 219 -36 27 -122 32 -165 10z"/>
<path d="M2791 273 c-90 -32 -171 -145 -171 -240 l0 -33 281 0 281 0 -7 45
c-14 100 -74 181 -160 221 -60 28 -156 31 -224 7z"/>
<path d="M6693 249 c10 -6 14 -15 10 -22 -4 -7 1 -6 10 2 20 16 16 24 -16 28
-20 2 -20 2 -4 -8z"/>
<path d="M6786 242 c-3 -6 1 -13 10 -16 8 -3 12 -11 8 -17 -4 -8 -3 -9 5 -5 9
6 9 12 -1 24 -7 10 -13 18 -14 20 -1 2 -5 -1 -8 -6z"/>
<path d="M4520 224 c0 -8 -4 -13 -9 -9 -9 5 -17 -9 -23 -40 -1 -5 -10 -19 -20
-29 -9 -10 -15 -23 -12 -28 3 -4 0 -8 -7 -8 -7 0 -10 -3 -6 -6 3 -3 -7 -20
-24 -38 -16 -17 -27 -37 -24 -44 3 -7 1 -10 -4 -7 -5 3 -12 1 -16 -5 -3 -5 1
-10 9 -10 15 0 56 50 56 69 0 6 3 11 8 11 4 0 16 17 27 37 11 21 23 40 27 43
14 11 38 80 28 80 -5 0 -10 -7 -10 -16z m-19 -47 c-10 -9 -11 -8 -5 6 3 10 9
15 12 12 3 -3 0 -11 -7 -18z"/>
<path d="M4776 228 c3 -4 0 -8 -5 -8 -6 0 -11 -4 -11 -8 0 -16 29 -9 33 8 2 9
-2 17 -9 17 -7 0 -11 -4 -8 -9z"/>
<path d="M6652 219 c-12 -19 -11 -19 8 -9 11 6 20 15 20 20 0 17 -15 11 -28
-11z"/>
<path d="M6603 159 c-12 -23 -17 -36 -10 -30 9 7 16 5 25 -10 7 -10 18 -19 26
-19 7 0 16 -9 19 -20 7 -25 27 -26 27 -1 0 16 -31 35 -52 32 -13 -2 -9 24 5
38 10 10 9 12 -2 9 -7 -2 -16 3 -19 11 -3 8 0 11 7 7 7 -5 9 -1 5 8 -3 9 -7
16 -8 16 0 0 -11 -19 -23 -41z m22 -9 c3 -5 1 -10 -4 -10 -6 0 -11 5 -11 10 0
6 2 10 4 10 3 0 8 -4 11 -10z"/>
<path d="M6650 180 c0 -5 5 -10 10 -10 6 0 10 5 10 10 0 6 -4 10 -10 10 -5 0
-10 -4 -10 -10z"/>
<path d="M7260 146 c0 -9 18 -15 58 -19 70 -6 141 -36 208 -88 61 -47 103 -55
63 -13 -40 44 -108 86 -178 110 -75 27 -151 32 -151 10z"/>
<path d="M4729 133 c-6 -39 -7 -64 -3 -60 8 8 16 67 10 67 -3 0 -7 -3 -7 -7z"/>
<path d="M6685 120 c3 -5 8 -10 11 -10 2 0 4 5 4 10 0 6 -5 10 -11 10 -5 0 -7
-4 -4 -10z"/>
<path d="M6565 100 c-3 -5 -1 -10 4 -10 6 0 11 5 11 10 0 6 -2 10 -4 10 -3 0
-8 -4 -11 -10z"/>
<path d="M6593 103 c4 -3 2 -12 -4 -20 -9 -9 -8 -13 0 -13 6 0 11 5 11 11 0 5
4 7 10 4 6 -3 7 1 4 9 -3 9 -11 16 -17 16 -6 0 -7 -3 -4 -7z"/>
<path d="M6725 82 c5 -17 3 -21 -9 -16 -12 5 -16 0 -16 -18 0 -13 -5 -29 -12
-36 -8 -8 -8 -12 -1 -12 6 0 22 17 35 38 22 33 23 39 10 51 -12 12 -13 11 -7
-7z"/>
<path d="M4703 61 c0 -11 5 -18 9 -15 4 3 5 11 1 19 -7 21 -12 19 -10 -4z"/>
<path d="M6546 72 c-3 -5 1 -9 9 -9 8 0 15 4 15 9 0 10 -17 10 -24 0z"/>
<path d="M6633 59 c-1 -11 2 -17 7 -14 5 3 11 -7 13 -22 4 -27 4 -27 6 3 1 35
-24 67 -26 33z"/>
<path d="M6536 25 c5 -13 4 -16 -4 -11 -7 4 -12 3 -12 -3 0 -5 9 -9 20 -8 24
2 25 10 5 27 -13 11 -14 10 -9 -5z"/>
<path d="M6571 14 c0 -11 3 -14 6 -6 3 7 2 16 -1 19 -3 4 -6 -2 -5 -13z"/>
</g>
</svg>
